5.799999999999999600e-01
8.000000000000000444e-01
8.000000000000000444e-01
8.000000000000000444e-01
7.199999999999999734e-01
1.900000000000000022e-01
5.000000000000000278e-02
2.000000000000000042e-02
2.000000000000000042e-02
1.000000000000000021e-02
1.000000000000000021e-02
1.000000000000000021e-02
1.000000000000000021e-02
1.000000000000000021e-02
1.000000000000000021e-02
2.000000000000000042e-02
2.000000000000000042e-02
5.000000000000000278e-02
1.900000000000000022e-01
7.199999999999999734e-01
8.000000000000000444e-01
8.000000000000000444e-01
8.000000000000000444e-01
5.799999999999999600e-01
