2.000000000000000000e+00 3.962381051817478905e+00
2.061224489795918213e+00 4.008074503211958017e+00
2.122448979591836871e+00 4.053230101350418835e+00
2.183673469387755084e+00 4.098299279224544733e+00
2.244897959183673297e+00 4.143061511760128823e+00
2.306122448979591955e+00 4.187444778263211376e+00
2.367346938775510168e+00 4.231828044766293928e+00
2.428571428571428381e+00 4.275622236586942293e+00
2.489795918367347038e+00 4.319116557392187694e+00
2.551020408163265252e+00 4.362610878197432207e+00
2.612244897959183909e+00 4.405712007815892228e+00
2.673469387755102122e+00 4.448256514980459819e+00
2.734693877551020336e+00 4.490801022145028298e+00
2.795918367346938993e+00 4.533345529309596778e+00
2.857142857142857206e+00 4.575211728363802521e+00
2.918367346938775420e+00 4.616577867162462212e+00
2.979591836734694077e+00 4.657944005961122791e+00
3.040816326530612290e+00 4.699310144759783370e+00
3.102040816326530503e+00 4.740676283558443060e+00
3.163265306122449161e+00 4.780799341442903305e+00
3.224489795918367374e+00 4.820881305743423439e+00
3.285714285714285587e+00 4.860963270043943574e+00
3.346938775510204245e+00 4.901045234344463708e+00
3.408163265306122458e+00 4.941127198644982954e+00
3.469387755102040671e+00 4.980710568851495879e+00
3.530612244897959329e+00 5.019324064388986706e+00
3.591836734693877542e+00 5.057937559926477533e+00
3.653061224489795755e+00 5.096551055463968360e+00
3.714285714285714413e+00 5.135164551001459188e+00
3.775510204081632626e+00 5.173778046538950015e+00
3.836734693877550839e+00 5.212391542076440842e+00
3.897959183673469497e+00 5.250505228647355693e+00
3.959183673469387710e+00 5.287469915190204262e+00
4.020408163265305923e+00 5.324434601733053718e+00
4.081632653061224580e+00 5.361399288275903174e+00
4.142857142857142350e+00 5.398363974818751743e+00
4.204081632653061007e+00 5.435328661361601199e+00
4.265306122448979664e+00 5.472293347904449767e+00
4.326530612244898322e+00 5.509258034447299224e+00
4.387755102040816091e+00 5.546222720990147792e+00
4.448979591836734748e+00 5.582706938388415807e+00
4.510204081632652517e+00 5.617819154254304337e+00
4.571428571428571175e+00 5.652931370120192867e+00
4.632653061224489832e+00 5.688043585986081396e+00
4.693877551020408490e+00 5.723155801851969926e+00
4.755102040816326259e+00 5.758268017717858456e+00
4.816326530612244916e+00 5.793380233583746985e+00
4.877551020408162685e+00 5.828492449449634627e+00
4.938775510204081343e+00 5.863604665315523157e+00
5.000000000000000000e+00 5.898716881181411686e+00
