2.000000000000000000e+00 2.990492111368909356e+00
2.061224489795918213e+00 3.045750409583786844e+00
2.122448979591836871e+00 3.099260919333904241e+00
2.183673469387755084e+00 3.152490600922371655e+00
2.244897959183673297e+00 3.204782518403255676e+00
2.306122448979591955e+00 3.255916637740140285e+00
2.367346938775510168e+00 3.307050757077024450e+00
2.428571428571428381e+00 3.356671471665589213e+00
2.489795918367347038e+00 3.405521781020100391e+00
2.551020408163265252e+00 3.454372090374611570e+00
2.612244897959183909e+00 3.502229767260095716e+00
2.673469387755102122e+00 3.548682220581850011e+00
2.734693877551020336e+00 3.595134673903604305e+00
2.795918367346938993e+00 3.641587127225358600e+00
2.857142857142857206e+00 3.686585906720008410e+00
2.918367346938775420e+00 3.730513013188260452e+00
2.979591836734694077e+00 3.774440119656512493e+00
3.040816326530612290e+00 3.818367226124764535e+00
3.102040816326530503e+00 3.862294332593015689e+00
3.163265306122449161e+00 3.903668825138877363e+00
3.224489795918367374e+00 3.944958933753420105e+00
3.285714285714285587e+00 3.986249042367962847e+00
3.346938775510204245e+00 4.027539150982505589e+00
3.408163265306122458e+00 4.068829259597047887e+00
3.469387755102040671e+00 4.109167140393761741e+00
3.530612244897959329e+00 4.147652729615523448e+00
3.591836734693877542e+00 4.186138318837284267e+00
3.653061224489795755e+00 4.224623908059045085e+00
3.714285714285714413e+00 4.263109497280806792e+00
3.775510204081632626e+00 4.301595086502567611e+00
3.836734693877550839e+00 4.340080675724328430e+00
3.897959183673469497e+00 4.377659432832190056e+00
3.959183673469387710e+00 4.413153493197893518e+00
4.020408163265305923e+00 4.448647553563596091e+00
4.081632653061224580e+00 4.484141613929299552e+00
4.142857142857142350e+00 4.519635674295002126e+00
4.204081632653061007e+00 4.555129734660705587e+00
4.265306122448979664e+00 4.590623795026409049e+00
4.326530612244898322e+00 4.626117855392111622e+00
4.387755102040816091e+00 4.661611915757815083e+00
4.448979591836734748e+00 4.696275457393362274e+00
4.510204081632652517e+00 4.728567414956769355e+00
4.571428571428571175e+00 4.760859372520177324e+00
4.632653061224489832e+00 4.793151330083585293e+00
4.693877551020408490e+00 4.825443287646992374e+00
4.755102040816326259e+00 4.857735245210399455e+00
4.816326530612244916e+00 4.890027202773807424e+00
4.877551020408162685e+00 4.922319160337214505e+00
4.938775510204081343e+00 4.954611117900622475e+00
5.000000000000000000e+00 4.986903075464029556e+00
