# wl[um] n k
2.000000e+00 3.962381e+00 2.990492e+00
2.010033e+00 3.969869e+00 2.999548e+00
2.020067e+00 3.977358e+00 3.008604e+00
2.030100e+00 3.984846e+00 3.017659e+00
2.040134e+00 3.992334e+00 3.026715e+00
2.050167e+00 3.999822e+00 3.035771e+00
2.060201e+00 4.007310e+00 3.044826e+00
2.070234e+00 4.014793e+00 3.053864e+00
2.080268e+00 4.022179e+00 3.062588e+00
2.090301e+00 4.029565e+00 3.071311e+00
2.100334e+00 4.036951e+00 3.080034e+00
2.110368e+00 4.044337e+00 3.088757e+00
2.120401e+00 4.051723e+00 3.097481e+00
2.130435e+00 4.059109e+00 3.106204e+00
2.140468e+00 4.066495e+00 3.114927e+00
2.150502e+00 4.073881e+00 3.123650e+00
2.160535e+00 4.081266e+00 3.132374e+00
2.170569e+00 4.088652e+00 3.141097e+00
2.180602e+00 4.096038e+00 3.149820e+00
2.190635e+00 4.103424e+00 3.158543e+00
2.200669e+00 4.110810e+00 3.167267e+00
2.210702e+00 4.118196e+00 3.175990e+00
2.220736e+00 4.125546e+00 3.184602e+00
2.230769e+00 4.132819e+00 3.192982e+00
2.240803e+00 4.140093e+00 3.201362e+00
2.250836e+00 4.147366e+00 3.209742e+00
2.260870e+00 4.154640e+00 3.218122e+00
2.270903e+00 4.161913e+00 3.226502e+00
2.280936e+00 4.169187e+00 3.234882e+00
2.290970e+00 4.176460e+00 3.243261e+00
2.301003e+00 4.183734e+00 3.251641e+00
2.311037e+00 4.191007e+00 3.260021e+00
2.321070e+00 4.198281e+00 3.268401e+00
2.331104e+00 4.205554e+00 3.276781e+00
2.341137e+00 4.212828e+00 3.285161e+00
2.351171e+00 4.220101e+00 3.293540e+00
2.361204e+00 4.227375e+00 3.301920e+00
2.371237e+00 4.234648e+00 3.310300e+00
2.381271e+00 4.241922e+00 3.318680e+00
2.391304e+00 4.249147e+00 3.326937e+00
2.401338e+00 4.256275e+00 3.334942e+00
2.411371e+00 4.263403e+00 3.342948e+00
2.421405e+00 4.270531e+00 3.350953e+00
2.431438e+00 4.277659e+00 3.358959e+00
2.441472e+00 4.284787e+00 3.366964e+00
2.451505e+00 4.291914e+00 3.374970e+00
2.461538e+00 4.299042e+00 3.382975e+00
2.471572e+00 4.306170e+00 3.390981e+00
2.481605e+00 4.313298e+00 3.398987e+00
2.491639e+00 4.320426e+00 3.406992e+00
2.501672e+00 4.327554e+00 3.414998e+00
2.511706e+00 4.334681e+00 3.423003e+00
2.521739e+00 4.341809e+00 3.431009e+00
2.531773e+00 4.348937e+00 3.439014e+00
2.541806e+00 4.356065e+00 3.447020e+00
2.551839e+00 4.363193e+00 3.455026e+00
2.561873e+00 4.370321e+00 3.463031e+00
2.571906e+00 4.377448e+00 3.471037e+00
2.581940e+00 4.384576e+00 3.479042e+00
2.591973e+00 4.391625e+00 3.486849e+00
2.602007e+00 4.398598e+00 3.494462e+00
2.612040e+00 4.405570e+00 3.502074e+00
2.622074e+00 4.412542e+00 3.509687e+00
2.632107e+00 4.419514e+00 3.517300e+00
2.642140e+00 4.426486e+00 3.524912e+00
2.652174e+00 4.433458e+00 3.532525e+00
2.662207e+00 4.440431e+00 3.540137e+00
2.672241e+00 4.447403e+00 3.547750e+00
2.682274e+00 4.454375e+00 3.555363e+00
2.692308e+00 4.461347e+00 3.562975e+00
2.702341e+00 4.468319e+00 3.570588e+00
2.712375e+00 4.475291e+00 3.578201e+00
2.722408e+00 4.482264e+00 3.585813e+00
2.732441e+00 4.489236e+00 3.593426e+00
2.742475e+00 4.496208e+00 3.601038e+00
2.752508e+00 4.503180e+00 3.608651e+00
2.762542e+00 4.510152e+00 3.616264e+00
2.772575e+00 4.517125e+00 3.623876e+00
2.782609e+00 4.524097e+00 3.631489e+00
2.792642e+00 4.531069e+00 3.639101e+00
2.802676e+00 4.538041e+00 3.646714e+00
2.812709e+00 4.545013e+00 3.654327e+00
2.822742e+00 4.551969e+00 3.661904e+00
2.832776e+00 4.558748e+00 3.669103e+00
2.842809e+00 4.565527e+00 3.676302e+00
2.852843e+00 4.572306e+00 3.683501e+00
2.862876e+00 4.579085e+00 3.690699e+00
2.872910e+00 4.585865e+00 3.697898e+00
2.882943e+00 4.592644e+00 3.705097e+00
2.892977e+00 4.599423e+00 3.712296e+00
2.903010e+00 4.606202e+00 3.719495e+00
2.913043e+00 4.612981e+00 3.726693e+00
2.923077e+00 4.619760e+00 3.733892e+00
2.933110e+00 4.626539e+00 3.741091e+00
2.943144e+00 4.633318e+00 3.748290e+00
2.953177e+00 4.640097e+00 3.755488e+00
2.963211e+00 4.646876e+00 3.762687e+00
2.973244e+00 4.653655e+00 3.769886e+00
2.983278e+00 4.660434e+00 3.777085e+00
2.993311e+00 4.667213e+00 3.784283e+00
3.003344e+00 4.673992e+00 3.791482e+00
3.013378e+00 4.680771e+00 3.798681e+00
3.023411e+00 4.687551e+00 3.805880e+00
3.033445e+00 4.694330e+00 3.813078e+00
3.043478e+00 4.701109e+00 3.820277e+00
3.053512e+00 4.707888e+00 3.827476e+00
3.063545e+00 4.714667e+00 3.834675e+00
3.073579e+00 4.721446e+00 3.841873e+00
3.083612e+00 4.728225e+00 3.849072e+00
3.093645e+00 4.735004e+00 3.856271e+00
3.103679e+00 4.741783e+00 3.863470e+00
3.113712e+00 4.748358e+00 3.870250e+00
3.123746e+00 4.754927e+00 3.877017e+00
3.133779e+00 4.761496e+00 3.883783e+00
3.143813e+00 4.768064e+00 3.890550e+00
3.153846e+00 4.774633e+00 3.897317e+00
3.163880e+00 4.781202e+00 3.904083e+00
3.173913e+00 4.787770e+00 3.910850e+00
3.183946e+00 4.794339e+00 3.917616e+00
3.193980e+00 4.800907e+00 3.924383e+00
3.204013e+00 4.807476e+00 3.931150e+00
3.214047e+00 4.814045e+00 3.937916e+00
3.224080e+00 4.820613e+00 3.944683e+00
3.234114e+00 4.827182e+00 3.951449e+00
3.244147e+00 4.833750e+00 3.958216e+00
3.254181e+00 4.840319e+00 3.964983e+00
3.264214e+00 4.846888e+00 3.971749e+00
3.274247e+00 4.853456e+00 3.978516e+00
3.284281e+00 4.860025e+00 3.985282e+00
3.294314e+00 4.866594e+00 3.992049e+00
3.304348e+00 4.873162e+00 3.998816e+00
3.314381e+00 4.879731e+00 4.005582e+00
3.324415e+00 4.886299e+00 4.012349e+00
3.334448e+00 4.892868e+00 4.019115e+00
3.344482e+00 4.899437e+00 4.025882e+00
3.354515e+00 4.906005e+00 4.032649e+00
3.364548e+00 4.912574e+00 4.039415e+00
3.374582e+00 4.919142e+00 4.046182e+00
3.384615e+00 4.925711e+00 4.052948e+00
3.394649e+00 4.932280e+00 4.059715e+00
3.404682e+00 4.938848e+00 4.066482e+00
3.414716e+00 4.945417e+00 4.073248e+00
3.424749e+00 4.951986e+00 4.080015e+00
3.434783e+00 4.958554e+00 4.086781e+00
3.444816e+00 4.965123e+00 4.093548e+00
3.454849e+00 4.971541e+00 4.100028e+00
3.464883e+00 4.977869e+00 4.106335e+00
3.474916e+00 4.984197e+00 4.112642e+00
3.484950e+00 4.990525e+00 4.118949e+00
3.494983e+00 4.996853e+00 4.125256e+00
3.505017e+00 5.003181e+00 4.131563e+00
3.515050e+00 5.009509e+00 4.137870e+00
3.525084e+00 5.015837e+00 4.144177e+00
3.535117e+00 5.022165e+00 4.150484e+00
3.545151e+00 5.028493e+00 4.156791e+00
3.555184e+00 5.034821e+00 4.163098e+00
3.565217e+00 5.041149e+00 4.169405e+00
3.575251e+00 5.047477e+00 4.175712e+00
3.585284e+00 5.053805e+00 4.182019e+00
3.595318e+00 5.060133e+00 4.188326e+00
3.605351e+00 5.066461e+00 4.194633e+00
3.615385e+00 5.072789e+00 4.200940e+00
3.625418e+00 5.079117e+00 4.207247e+00
3.635452e+00 5.085445e+00 4.213554e+00
3.645485e+00 5.091773e+00 4.219861e+00
3.655518e+00 5.098101e+00 4.226168e+00
3.665552e+00 5.104429e+00 4.232475e+00
3.675585e+00 5.110757e+00 4.238782e+00
3.685619e+00 5.117085e+00 4.245089e+00
3.695652e+00 5.123413e+00 4.251396e+00
3.705686e+00 5.129741e+00 4.257703e+00
3.715719e+00 5.136069e+00 4.264010e+00
3.725753e+00 5.142397e+00 4.270318e+00
3.735786e+00 5.148724e+00 4.276625e+00
3.745819e+00 5.155052e+00 4.282932e+00
3.755853e+00 5.161380e+00 4.289239e+00
3.765886e+00 5.167708e+00 4.295546e+00
3.775920e+00 5.174036e+00 4.301853e+00
3.785953e+00 5.180364e+00 4.308160e+00
3.795987e+00 5.186692e+00 4.314467e+00
3.806020e+00 5.193020e+00 4.320774e+00
3.816054e+00 5.199348e+00 4.327081e+00
3.826087e+00 5.205676e+00 4.333388e+00
3.836120e+00 5.212004e+00 4.339695e+00
3.846154e+00 5.218332e+00 4.346002e+00
3.856187e+00 5.224660e+00 4.352309e+00
3.866221e+00 5.230988e+00 4.358616e+00
3.876254e+00 5.237316e+00 4.364923e+00
3.886288e+00 5.243458e+00 4.370893e+00
3.896321e+00 5.249516e+00 4.376710e+00
3.906355e+00 5.255574e+00 4.382527e+00
3.916388e+00 5.261632e+00 4.388343e+00
3.926421e+00 5.267689e+00 4.394160e+00
3.936455e+00 5.273747e+00 4.399977e+00
3.946488e+00 5.279805e+00 4.405794e+00
3.956522e+00 5.285863e+00 4.411610e+00
3.966555e+00 5.291921e+00 4.417427e+00
3.976589e+00 5.297978e+00 4.423244e+00
3.986622e+00 5.304036e+00 4.429061e+00
3.996656e+00 5.310094e+00 4.434877e+00
4.006689e+00 5.316152e+00 4.440694e+00
4.016722e+00 5.322209e+00 4.446511e+00
4.026756e+00 5.328267e+00 4.452328e+00
4.036789e+00 5.334325e+00 4.458144e+00
4.046823e+00 5.340383e+00 4.463961e+00
4.056856e+00 5.346440e+00 4.469778e+00
4.066890e+00 5.352498e+00 4.475595e+00
4.076923e+00 5.358556e+00 4.481411e+00
4.086957e+00 5.364614e+00 4.487228e+00
4.096990e+00 5.370671e+00 4.493045e+00
4.107023e+00 5.376729e+00 4.498862e+00
4.117057e+00 5.382787e+00 4.504678e+00
4.127090e+00 5.388845e+00 4.510495e+00
4.137124e+00 5.394902e+00 4.516312e+00
4.147157e+00 5.400960e+00 4.522129e+00
4.157191e+00 5.407018e+00 4.527945e+00
4.167224e+00 5.413076e+00 4.533762e+00
4.177258e+00 5.419133e+00 4.539579e+00
4.187291e+00 5.425191e+00 4.545396e+00
4.197324e+00 5.431249e+00 4.551212e+00
4.207358e+00 5.437307e+00 4.557029e+00
4.217391e+00 5.443364e+00 4.562846e+00
4.227425e+00 5.449422e+00 4.568663e+00
4.237458e+00 5.455480e+00 4.574479e+00
4.247492e+00 5.461538e+00 4.580296e+00
4.257525e+00 5.467595e+00 4.586113e+00
4.267559e+00 5.473653e+00 4.591930e+00
4.277592e+00 5.479711e+00 4.597746e+00
4.287625e+00 5.485769e+00 4.603563e+00
4.297659e+00 5.491827e+00 4.609380e+00
4.307692e+00 5.497884e+00 4.615197e+00
4.317726e+00 5.503942e+00 4.621013e+00
4.327759e+00 5.510000e+00 4.626830e+00
4.337793e+00 5.516058e+00 4.632647e+00
4.347826e+00 5.522115e+00 4.638464e+00
4.357860e+00 5.528173e+00 4.644280e+00
4.367893e+00 5.534231e+00 4.650097e+00
4.377926e+00 5.540289e+00 4.655914e+00
4.387960e+00 5.546346e+00 4.661731e+00
4.397993e+00 5.552404e+00 4.667547e+00
4.408027e+00 5.558462e+00 4.673364e+00
4.418060e+00 5.564520e+00 4.679181e+00
4.428094e+00 5.570577e+00 4.684998e+00
4.438127e+00 5.576483e+00 4.690551e+00
4.448161e+00 5.582237e+00 4.695843e+00
4.458194e+00 5.587991e+00 4.701135e+00
4.468227e+00 5.593746e+00 4.706427e+00
4.478261e+00 5.599500e+00 4.711719e+00
4.488294e+00 5.605254e+00 4.717011e+00
4.498328e+00 5.611008e+00 4.722303e+00
4.508361e+00 5.616762e+00 4.727595e+00
4.518395e+00 5.622516e+00 4.732887e+00
4.528428e+00 5.628271e+00 4.738179e+00
4.538462e+00 5.634025e+00 4.743471e+00
4.548495e+00 5.639779e+00 4.748763e+00
4.558528e+00 5.645533e+00 4.754055e+00
4.568562e+00 5.651287e+00 4.759347e+00
4.578595e+00 5.657041e+00 4.764639e+00
4.588629e+00 5.662796e+00 4.769931e+00
4.598662e+00 5.668550e+00 4.775223e+00
4.608696e+00 5.674304e+00 4.780515e+00
4.618729e+00 5.680058e+00 4.785807e+00
4.628763e+00 5.685812e+00 4.791099e+00
4.638796e+00 5.691567e+00 4.796391e+00
4.648829e+00 5.697321e+00 4.801683e+00
4.658863e+00 5.703075e+00 4.806975e+00
4.668896e+00 5.708829e+00 4.812267e+00
4.678930e+00 5.714583e+00 4.817559e+00
4.688963e+00 5.720337e+00 4.822851e+00
4.698997e+00 5.726092e+00 4.828143e+00
4.709030e+00 5.731846e+00 4.833435e+00
4.719064e+00 5.737600e+00 4.838727e+00
4.729097e+00 5.743354e+00 4.844019e+00
4.739130e+00 5.749108e+00 4.849311e+00
4.749164e+00 5.754862e+00 4.854603e+00
4.759197e+00 5.760617e+00 4.859895e+00
4.769231e+00 5.766371e+00 4.865187e+00
4.779264e+00 5.772125e+00 4.870479e+00
4.789298e+00 5.777879e+00 4.875771e+00
4.799331e+00 5.783633e+00 4.881063e+00
4.809365e+00 5.789388e+00 4.886355e+00
4.819398e+00 5.795142e+00 4.891647e+00
4.829431e+00 5.800896e+00 4.896939e+00
4.839465e+00 5.806650e+00 4.902231e+00
4.849498e+00 5.812404e+00 4.907523e+00
4.859532e+00 5.818158e+00 4.912815e+00
4.869565e+00 5.823913e+00 4.918107e+00
4.879599e+00 5.829667e+00 4.923399e+00
4.889632e+00 5.835421e+00 4.928691e+00
4.899666e+00 5.841175e+00 4.933983e+00
4.909699e+00 5.846929e+00 4.939275e+00
4.919732e+00 5.852683e+00 4.944567e+00
4.929766e+00 5.858438e+00 4.949859e+00
4.939799e+00 5.864192e+00 4.955151e+00
4.949833e+00 5.869946e+00 4.960443e+00
4.959866e+00 5.875700e+00 4.965735e+00
4.969900e+00 5.881454e+00 4.971027e+00
4.979933e+00 5.887209e+00 4.976319e+00
4.989967e+00 5.892963e+00 4.981611e+00
5.000000e+00 5.898717e+00 4.986903e+00
