1.438394645871304389e+00
1.437488809643414411e+00
1.436554413418301035e+00
1.435588603719299083e+00
1.434604607848902313e+00
1.433582154785958851e+00
1.432523465329885726e+00
1.431430346588737690e+00
1.430299760289268418e+00
1.429127073728373221e+00
1.427899753920596204e+00
1.426508629102424042e+00
1.425599006098585919e+00
1.424561363555908233e+00
1.423150112757016972e+00
1.421712484713486990e+00
1.420268497856982393e+00
1.418797229616580724e+00
1.417289465517803659e+00
1.415741767383142724e+00
1.414150630541091358e+00
1.412513477437948639e+00
1.410828137013835359e+00
1.409093601454466382e+00
1.407307142591317506e+00
1.405468459274601178e+00
1.403578092331146943e+00
1.401628929572820370e+00
1.399627510485568882e+00
1.397574727347500323e+00
1.395452136941746524e+00
1.393259287080304221e+00
1.390995352219510206e+00
1.388655239417104559e+00
1.386242529449184469e+00
1.383761140501079234e+00
1.381196852609825498e+00
1.378529769580904452e+00
1.375792462430807328e+00
1.373015407170602220e+00
1.370151592367742310e+00
1.367121317349121234e+00
1.363900980520885264e+00
1.360512997817335812e+00
1.356927333293628468e+00
1.353051657535681240e+00
1.348898731320223643e+00
1.344892341929151414e+00
1.341604402390718098e+00
1.338852132693944430e+00
