1.289483609637169436e-08
1.028915477107942658e-07
3.152205307999502005e-07
2.323090090618565385e-06
7.599317181011082356e-06
2.060240167297728165e-06
8.971206546387212005e-07
1.952717099687166321e-06
4.204649520226670682e-06
1.013977225783752621e-05
1.709571369105049700e-05
4.967490098326234142e-05
5.826770616708690188e-04
2.332792718531412899e-04
5.406219071792997929e-05
1.904169586364823100e-05
1.028878339769195252e-05
6.969494179274880078e-06
5.574791118398954786e-06
4.879224082591054213e-06
4.220230017182198263e-06
3.875924866101117751e-06
4.101106541403740280e-06
5.518987006105369728e-06
7.894746747382770213e-06
1.375827875860235507e-05
1.997771357985975071e-05
2.806696539534918075e-05
4.286464414420902951e-05
4.973085806076791253e-05
4.918516294447103067e-05
5.141345790873210175e-05
5.502960161242687948e-05
6.449875703554576022e-05
8.454263149214781700e-05
1.085151997896654569e-04
1.257883271171624548e-04
1.585105598970555293e-04
2.297817763113908774e-04
2.947606259131674636e-04
2.978457333134538836e-04
2.573946247196356508e-04
2.417062160242438012e-04
2.778527395117926044e-04
3.598592334038316063e-04
5.704474193886236236e-04
1.179034326536912121e-03
2.420784666212485829e-03
3.882277650549362160e-03
4.758748172909001498e-03
