3.587898095955249556e+00
3.585030654176893705e+00
3.582398495608847711e+00
3.579978619752479219e+00
3.577765027420901411e+00
3.575728072920172806e+00
3.573841499902818075e+00
3.572091289855813478e+00
3.570463705816219413e+00
3.568947342896207964e+00
3.567531251851801422e+00
3.566206264706470286e+00
3.564963852963577651e+00
3.563795170836846271e+00
3.562693623958220090e+00
3.561652629505866141e+00
3.560666385379988697e+00
3.559729418186037719e+00
3.558836561573226476e+00
3.557984971379808847e+00
3.557175405087910747e+00
3.556399262381773507e+00
3.555651175306995704e+00
3.554927855883668553e+00
3.554226763719157578e+00
3.553552051040624438e+00
3.552893112120201646e+00
3.552246941304510131e+00
3.551612036757377577e+00
3.550987162928078256e+00
3.550365461091753438e+00
3.549745350310108627e+00
3.549120403796521828e+00
3.548485079838988199e+00
3.547839493303739378e+00
3.547163307559128675e+00
3.546450865889513082e+00
3.545711960503447724e+00
3.544862519274376123e+00
3.543933563432296374e+00
3.542870203391191186e+00
3.541452973848362884e+00
3.539879330515637967e+00
3.537126039850259751e+00
3.534256172930851925e+00
3.531071038390574124e+00
3.528624418238297089e+00
3.526945124222727213e+00
3.534980502581432482e+00
3.547813065480364791e+00
