1.221942628889684856e+00
1.224367673279465496e+00
1.226689715212453402e+00
1.228914318412336337e+00
1.231046438974872537e+00
1.233090504922624842e+00
1.235050483908271213e+00
1.236929941084244922e+00
1.238732088772195317e+00
1.240459829262844371e+00
1.242115791834473848e+00
1.243702364885663547e+00
1.245221723921652535e+00
1.246675856008423899e+00
1.248066581205940384e+00
1.249395571408643102e+00
1.250664366952749962e+00
1.251874391293496425e+00
1.253026964008788546e+00
1.254123312347003028e+00
1.255164581504343735e+00
1.256151843790177969e+00
1.257086106816121429e+00
1.257968320825602504e+00
1.258799385264365078e+00
1.259580154678920705e+00
1.260311444018241023e+00
1.260994033404071235e+00
1.261628672426947650e+00
1.262216084017639739e+00
1.262756967937587183e+00
1.263252003926622846e+00
1.263701854541531500e+00
1.264107167715214031e+00
1.264468579062585585e+00
1.264786713956513653e+00
1.265062189394430714e+00
1.265295615674027818e+00
1.265487597894409344e+00
1.265638737297481775e+00
1.265749632462766172e+00
1.265820880367474643e+00
1.265853077322697029e+00
1.265846819795281242e+00
1.265802705124386529e+00
1.265721332140606226e+00
1.265603301695145788e+00
1.265449217105670821e+00
1.265259684525109174e+00
1.265035313239057491e+00
1.264776715897103054e+00
1.264484508682941044e+00
1.264159311427845767e+00
1.263801747671767117e+00
1.263412444675989565e+00
1.262992033391135971e+00
1.262541148383952594e+00
1.262060427726255485e+00
1.261550512849113570e+00
1.261012048365204308e+00
1.260445681862193412e+00
1.259852063669752553e+00
1.259231846602725691e+00
1.258585685682896749e+00
1.257914237841576854e+00
1.257218161605230256e+00
1.256498116766203710e+00
1.255754764040509786e+00
1.254988764714572769e+00
1.254200780282716643e+00
1.253391472077107105e+00
1.252561500891757884e+00
1.251711526602148128e+00
1.250842207781947213e+00
1.249954201318189240e+00
1.249048162026213715e+00
1.248124742265679155e+00
1.247184591558732736e+00
1.246228356211514399e+00
1.245256678939957951e+00
1.244270198500935898e+00
1.243269549329588664e+00
1.242255361183705720e+00
1.241228258795925798e+00
1.240188861534478271e+00
1.239137783073135601e+00
1.238075631070927551e+00
1.237003006862238408e+00
1.235920505157669824e+00
1.234828713756221497e+00
1.233728213269060570e+00
1.232619576855288113e+00
1.231503369969952022e+00
1.230380150124551708e+00
1.229250466660201768e+00
1.228114860533642716e+00
1.226973864116192914e+00
1.225828001005659251e+00
1.224677785851322698e+00
1.223523724191907247e+00
1.222366312306550240e+00
1.221206037078666373e+00
1.220043375872619018e+00
1.218878796423064959e+00
1.217712756736803348e+00
1.216545705006949030e+00
1.215378079539244371e+00
1.214210308690257367e+00
1.213042810817212214e+00
1.211875994239243415e+00
1.210710257209702823e+00
1.209545987899324215e+00
1.208383564389855058e+00
1.207223354677890326e+00
1.206065716688561551e+00
1.204910998298721170e+00
1.203759537369342381e+00
1.202611661786710195e+00
1.201467689512103698e+00
1.200327928639569830e+00
1.199192677461501155e+00
1.198062224541563747e+00
1.196936848794681207e+00
1.195816819573696455e+00
1.194702396762364893e+00
1.193593830874303263e+00
1.192491363157555551e+00
1.191395225704440231e+00
1.190305641566320904e+00
1.189222824872979256e+00
1.188146980956235721e+00
1.187078306477535206e+00
1.186016989559134149e+00
1.184963209918630245e+00
1.183917139006486430e+00
1.182878940146280700e+00
1.181848768677417283e+00
1.180826772099970112e+00
1.179813090221443872e+00
1.178807855305161523e+00
1.177811192220050707e+00
1.176823218591572129e+00
1.175844044953570311e+00
1.174873774900822898e+00
1.173912505242069582e+00
1.172960326153328792e+00
1.172017321331304318e+00
1.171083568146691123e+00
1.170159137797207816e+00
1.169244095460197919e+00
1.168338500444624506e+00
1.167442406342327210e+00
1.166555861178381281e+00
1.165678907560444566e+00
1.164811582826947634e+00
1.163953919194035569e+00
1.163105943901119543e+00
1.162267679354967775e+00
1.161439143272219754e+00
1.160620348820242231e+00
1.159811304756252381e+00
1.159012015564626408e+00
1.158222481592324993e+00
1.157442699182377188e+00
1.156672660805368791e+00
1.155912355188881913e+00
1.155161767444834453e+00
1.154420879194697047e+00
1.153689668692535086e+00
1.152968110945850944e+00
1.152256177834209749e+00
1.151553838225624071e+00
1.150861058090664191e+00
1.150177800614305523e+00
1.149504026305491200e+00
1.148839693104406257e+00
1.148184756487457880e+00
1.147539169569969708e+00
1.146902883206583734e+00
1.146275846089395811e+00
1.145658004843796096e+00
1.145049304122078393e+00
1.144449686694783530e+00
1.143859093539827176e+00
1.143277463929401216e+00
1.142704735514701531e+00
1.142140844408472855e+00
1.141585725265410245e+00
1.141039311360440456e+00
1.140501534664903227e+00
1.139972325920666663e+00
1.139451614712198024e+00
1.138939329536622136e+00
1.138435397871803811e+00
1.137939746242466965e+00
1.137452300284403028e+00
1.136972984806784881e+00
1.136501723852634482e+00
1.136038440757453305e+00
1.135583058206071305e+00
1.135135498287747513e+00
1.134695682549528906e+00
1.134263532047941059e+00
1.133838967399012576e+00
1.133421908826681701e+00
1.133012276209620417e+00
1.132609989126504457e+00
1.132214966899760755e+00
1.131827128637844515e+00
1.131446393276047013e+00
1.131072679615900745e+00
1.130705906363197011e+00
1.130345992164650593e+00
1.129992855643239702e+00
1.129646415432281170e+00
1.129306590208220884e+00
1.128973298722230512e+00
1.128646459830590310e+00
1.128325992523927734e+00
1.128011815955304309e+00
1.127703849467230457e+00
1.127402012617577443e+00
1.127106225204475010e+00
1.126816407290165856e+00
1.126532479223899097e+00
1.126254361663848513e+00
1.125981975598104201e+00
1.125715242364755619e+00
1.125454083671096228e+00
1.125198421611973698e+00
1.124948178687303457e+00
1.124703277818788205e+00
1.124463642365842286e+00
1.124229196140766662e+00
1.123999863423182921e+00
1.123775568973754080e+00
1.123556238047214384e+00
1.123341796404727200e+00
1.123132170325594092e+00
1.122927286618330411e+00
1.122727072631134693e+00
1.122531456261762317e+00
1.122340365966832731e+00
1.122153730770577340e+00
1.121971480273052935e+00
1.121793544657839981e+00
1.121619854699232199e+00
1.121450341768946757e+00
1.121284937842358831e+00
1.121123575504291869e+00
1.120966187954357762e+00
1.120812709011884456e+00
1.120663073120425457e+00
1.120517215351874318e+00
1.120375071410208090e+00
1.120236577634844410e+00
1.120101671003659094e+00
1.119970289135647334e+00
1.119842370293265166e+00
1.119717853384441186e+00
1.119596677964286302e+00
1.119478784236502156e+00
1.119364113054504895e+00
1.119252605922277599e+00
1.119144204994943159e+00
1.119038853079098450e+00
1.118936493632888274e+00
1.118837070765845265e+00
1.118740529238506642e+00
1.118646814461805139e+00
1.118555872496244774e+00
1.118467650050889661e+00
1.118382094482130551e+00
1.118299153792294609e+00
1.118218776628044697e+00
1.118140912278629440e+00
1.118065510673952767e+00
1.117992522382481813e+00
1.117921898609019360e+00
1.117853591192302209e+00
1.117787552602487411e+00
1.117723735938480623e+00
1.117662094925142346e+00
1.117602583910380698e+00
1.117545157862106953e+00
1.117489772365094947e+00
1.117436383617719686e+00
1.117384948428600699e+00
1.117335424213141692e+00
1.117287768989978947e+00
1.117241941377335568e+00
1.117197900589296466e+00
1.117155606431997406e+00
1.117115019299732337e+00
1.117076100171000785e+00
1.117038810604470411e+00
1.117003112734877623e+00
1.116968969268871792e+00
1.116936343480788629e+00
1.116905199208378274e+00
1.116875500848471869e+00
1.116847213352600621e+00
1.116820302222572447e+00
1.116794733505992454e+00
1.116770473791755647e+00
1.116747490205488802e+00
1.116725750404965467e+00
1.116705222575479883e+00
1.116685875425190710e+00
1.116667678180441658e+00
1.116650600581048369e+00
1.116634612875558208e+00
1.116619685816499841e+00
1.116605790655596619e+00
1.116592899138974415e+00
1.116580983502344804e+00
1.116570016466179149e+00
1.116559971230857151e+00
1.116550821471827826e+00
1.116542541334732075e+00
1.116535105430541686e+00
1.116528488830677457e+00
1.116522667062129992e+00
1.116517616102566723e+00
1.116513312375454703e+00
1.116509732745161632e+00
1.116506854512079983e+00
1.116504655407731805e+00
1.116503113589890184e+00
1.116502207637705357e+00
1.116501916546826179e+00
1.116502219724542888e+00
1.116503096984923893e+00
1.116504528543974084e+00
1.116506495014793598e+00
1.116508977402754121e+00
1.116511957100680741e+00
1.116515415884057560e+00
1.116519335906235533e+00
1.116523699693665383e+00
1.116528490141134977e+00
1.116533690507036658e+00
1.116539284408642807e+00
1.116545255817400717e+00
1.116551589054251226e+00
1.116558268784961561e+00
1.116565280015480388e+00
1.116572608087317953e+00
1.116580238672942649e+00
1.116588157771201129e+00
1.116596351702767054e+00
1.116604807105601838e+00
1.116613510930458020e+00
1.116622450436385749e+00
1.116631613186282790e+00
1.116640987042461397e+00
1.116650560162242511e+00
1.116660320993582367e+00
1.116670258270715532e+00
1.116680361009841693e+00
1.116690618504825538e+00
1.116701020322934612e+00
1.116711556300605812e+00
1.116722216539235424e+00
1.116732991401007125e+00
1.116743871504745966e+00
1.116754847721803001e+00
1.116765911171976100e+00
1.116777053219452753e+00
1.116788265468793950e+00
1.116799539760946258e+00
1.116810868169286541e+00
1.116822242995697545e+00
1.116833656766679894e+00
1.116845102229496289e+00
1.116856572348349896e+00
1.116868060300589383e+00
1.116879559472961025e+00
1.116891063457879252e+00
1.116902566049748247e+00
1.116914061241303768e+00
1.116925543219996930e+00
1.116937006364411955e+00
1.116948445240716126e+00
1.116959854599149038e+00
1.116971229370542495e+00
1.116982564662881705e+00
1.116993855757890897e+00
1.117005098107672678e+00
1.117016287331364266e+00
1.117027419211835682e+00
1.117038489692433689e+00
1.117049494873744608e+00
1.117060431010409971e+00
1.117071294507963053e+00
1.117082081919706038e+00
1.117092789943634479e+00
1.117103415419382628e+00
1.117113955325208741e+00
