1.258352218811971568e+00
1.261135193374466779e+00
1.263794818605053161e+00
1.266337784386897258e+00
1.268770055813239983e+00
1.271096967916214293e+00
1.273323306318426829e+00
1.275453376197233757e+00
1.277491061497883829e+00
1.279439875972929741e+00
1.281303007339682498e+00
1.283083355618428234e+00
1.284783566530036003e+00
1.286406060682310892e+00
1.287953059153464030e+00
1.289426605981671692e+00
1.290828587988720466e+00
1.292160752298522119e+00
1.293424721856033077e+00
1.294622009205941948e+00
1.295754028752167608e+00
1.296822107687181758e+00
1.297827495752949867e+00
1.298771373972964494e+00
1.299654862475367656e+00
1.300479027510945906e+00
1.301244887756103807e+00
1.301953419979105853e+00
1.302605564137671035e+00
1.303202227967654059e+00
1.303744291114888876e+00
1.304232608856151332e+00
1.304668015449530705e+00
1.305051327149840956e+00
1.305383344920642008e+00
1.305664856870695889e+00
1.305896640439859979e+00
1.306079464356525888e+00
1.306214090386377258e+00
1.306301274890268704e+00
1.306341770207215980e+00
1.306336325876778615e+00
1.306285689714000275e+00
1.306190608748506010e+00
1.306051830038642558e+00
1.305870101370300906e+00
1.305646171849419224e+00
1.305380792396352074e+00
1.305074716149645875e+00
1.304728698786106644e+00
1.304343498763702369e+00
1.303919877493169288e+00
1.303458599443914734e+00
1.302960432189401718e+00
1.302426146396811646e+00
1.301856515765575040e+00
1.301252316918979579e+00
1.300614329252891332e+00
1.299943334745370160e+00
1.299240117730700250e+00
1.298505464641310780e+00
1.297740163720644713e+00
1.296945004710125415e+00
1.296120778512989125e+00
1.295268276837813426e+00
1.294388291824203785e+00
1.293481615653212735e+00
1.292549040144723493e+00
1.291591356344057751e+00
1.290609354099911288e+00
1.289603821635563419e+00
1.288575545115262289e+00
1.287525308207585928e+00
1.286453891647417969e+00
1.285362072798138300e+00
1.284250625215515695e+00
1.283120318214732825e+00
1.281971916441779102e+00
1.280806179450515669e+00
1.279623861286484310e+00
1.278425710078580080e+00
1.277212467639492477e+00
1.275984869075909911e+00
1.274743642409184252e+00
1.273489508207349186e+00
1.272223179229032164e+00
1.270945360079979380e+00
1.269656746882678933e+00
1.268358026959548690e+00
1.267049878530153162e+00
1.265732970422751791e+00
1.264407961800494862e+00
1.263075501902540809e+00
1.261736229800181075e+00
1.260390774168241412e+00
1.259039753071709011e+00
1.257683773767738655e+00
1.256323432522975514e+00
1.254959314446121077e+00
1.253591993335742005e+00
1.252222031543102965e+00
1.250849979849946836e+00
1.249476377360972501e+00
1.248101751410829241e+00
1.246726617485348187e+00
1.245351479156771690e+00
1.243976828032651749e+00
1.242603143718149949e+00
1.241230893791304579e+00
1.239860533791035113e+00
1.238492507217425320e+00
1.237127245543930609e+00
1.235765168241126810e+00
1.234406682811576728e+00
1.233052184835411680e+00
1.231702058026221902e+00
1.230356674296811725e+00
1.229016393834395870e+00
1.227681565184816748e+00
1.226352525345370426e+00
1.225029599865768759e+00
1.223713102956826004e+00
1.222403337606480900e+00
1.221100595702673042e+00
1.219805158162711844e+00
1.218517295068678008e+00
1.217237265808496671e+00
1.215965319222235275e+00
1.214701693753299061e+00
1.213446617604054811e+00
1.212200308895604373e+00
1.210962975831267663e+00
1.209734816863458517e+00
1.208516020863591667e+00
1.207306767294695549e+00
1.206107226386397002e+00
1.204917559311969644e+00
1.203737918367146387e+00
1.202568447150383912e+00
1.201409280744323738e+00
1.200260545898165443e+00
1.199122361210691601e+00
1.197994837313699490e+00
1.196878077055610667e+00
1.195772175685011707e+00
1.194677221033939141e+00
1.193593293700678348e+00
1.192520467231888093e+00
1.191458808303895722e+00
1.190408376902937881e+00
1.189369226504232602e+00
1.188341404249700028e+00
1.187324951124199890e+00
1.186319902130144266e+00
1.185326286460379075e+00
1.184344127669182622e+00
1.183373443841303052e+00
1.182414247758942771e+00
1.181466547066550854e+00
1.180530344433394552e+00
1.179605637713804445e+00
1.178692420105021288e+00
1.177790680302597481e+00
1.176900402653299427e+00
1.176021567305431059e+00
1.175154150356584104e+00
1.174298123998724908e+00
1.173453456660640271e+00
1.172620113147668564e+00
1.171798054778717013e+00
1.170987239520561607e+00
1.170187622119393200e+00
1.169399154229603832e+00
1.168621784539832564e+00
1.167855458896257304e+00
1.167100120423124388e+00
1.166355709640540361e+00
1.165622164579542819e+00
1.164899420894438986e+00
1.164187411972440467e+00
1.163486069040632787e+00
1.162795321270266413e+00
1.162115095878419879e+00
1.161445318227045220e+00
1.160785911919437252e+00
1.160136798894131349e+00
1.159497899516302999e+00
1.158869132666660695e+00
1.158250415827872803e+00
1.157641665168601675e+00
1.157042795625121467e+00
1.156453720980602506e+00
1.155874353942090149e+00
1.155304606215193486e+00
1.154744388576560921e+00
1.154193610944147519e+00
1.153652182445342733e+00
1.153120011482971607e+00
1.152597005799238294e+00
1.152083072537631647e+00
1.151578118302847953e+00
1.151082049218753012e+00
1.150594770984460613e+00
1.150116188928517413e+00
1.149646208061289920e+00
1.149184733125554692e+00
1.148731668645339710e+00
1.148286918973087323e+00
1.147850388335122762e+00
1.147421980875531933e+00
1.147001600698433155e+00
1.146589151908717463e+00
1.146184538651277229e+00
1.145787665148768397e+00
1.145398435737951415e+00
1.145016754904621958e+00
1.144642527317200731e+00
1.144275657858997208e+00
1.143916051659194855e+00
1.143563614122562910e+00
1.143218250957988236e+00
1.142879868205797678e+00
1.142548372263937573e+00
1.142223669913047468e+00
1.141905668340429614e+00
1.141594275162982619e+00
1.141289398449096382e+00
1.140990946739577128e+00
1.140698829067570141e+00
1.140412954977588100e+00
1.140133234543606378e+00
1.139859578386283712e+00
1.139591897689331113e+00
1.139330104215061423e+00
1.139074110319122868e+00
1.138823828964462548e+00
1.138579173734541206e+00
1.138340058845815905e+00
1.138106399159514392e+00
1.137878110192738212e+00
1.137655108128891479e+00
1.137437309827471044e+00
1.137224632833257143e+00
1.137016995384877882e+00
1.136814316422821491e+00
1.136616515596865717e+00
1.136423513272990959e+00
1.136235230539750063e+00
1.136051589214149393e+00
1.135872511847028532e+00
1.135697921727989668e+00
1.135527742889848479e+00
1.135361900112666911e+00
1.135200318927350516e+00
1.135042925618846565e+00
1.134889647228940479e+00
1.134740411558678552e+00
1.134595147170422758e+00
1.134453783389553827e+00
1.134316250305832385e+00
1.134182478774434122e+00
1.134052400416673212e+00
1.133925947620411101e+00
1.133803053540188621e+00
1.133683652097064343e+00
1.133567677978185806e+00
1.133455066636105180e+00
1.133345754287838680e+00
1.133239677913684407e+00
1.133136775255816575e+00
1.133036984816655046e+00
1.132940245857011696e+00
1.132846498394043167e+00
1.132755683199010877e+00
1.132667741794832095e+00
1.132582616453476021e+00
1.132500250193161584e+00
1.132420586775413351e+00
1.132343570701938251e+00
1.132269147211356186e+00
1.132197262275796312e+00
1.132127862597332335e+00
1.132060895604301232e+00
1.131996309447492521e+00
1.131934052996203421e+00
1.131874075834198745e+00
1.131816328255535353e+00
1.131760761260300674e+00
1.131707326550249082e+00
1.131655976524321483e+00
1.131606664274106056e+00
1.131559343579182420e+00
1.131513968902404521e+00
1.131470495385098030e+00
1.131428878842177133e+00
1.131389075757206264e+00
1.131351043277380342e+00
1.131314739208456155e+00
1.131280122009612255e+00
1.131247150788262434e+00
1.131215785294819476e+00
1.131185985917396941e+00
1.131157713676478327e+00
1.131130930219538921e+00
1.131105597815625918e+00
1.131081679349906777e+00
1.131059138318176061e+00
1.131037938821338740e+00
1.131018045559861074e+00
1.130999423828192629e+00
1.130982039509165871e+00
1.130965859068380208e+00
1.130950849548555182e+00
1.130936978563872986e+00
1.130924214294307228e+00
1.130912525479938369e+00
1.130901881415250498e+00
1.130892251943425242e+00
1.130883607450628547e+00
1.130875918860294149e+00
1.130869157627387711e+00
1.130863295732692730e+00
1.130858305677080011e+00
1.130854160475771586e+00
1.130850833652628840e+00
1.130848299234429533e+00
1.130846531745147043e+00
1.130845506200245820e+00
1.130845198100985938e+00
1.130845583428722101e+00
1.130846638639232626e+00
1.130848340657046647e+00
1.130850666869786414e+00
1.130853595122530031e+00
1.130857103712185507e+00
1.130861171381874364e+00
1.130865777315344767e+00
1.130870901131396211e+00
1.130876522878323520e+00
1.130882623028381273e+00
1.130889182472269106e+00
1.130896182513646986e+00
1.130903604863655154e+00
1.130911431635479580e+00
1.130919645338923418e+00
1.130928228875018648e+00
1.130937165530651045e+00
1.130946438973221113e+00
1.130956033245328562e+00
1.130965932759488091e+00
1.130976122292865593e+00
1.130986586982057451e+00
1.130997312317884695e+00
1.131008284140234244e+00
1.131019488632915460e+00
1.131030912318560677e+00
1.131042542053551037e+00
1.131054365022979180e+00
1.131066368735643923e+00
1.131078541019075789e+00
1.131090870014607397e+00
1.131103344172464054e+00
1.131115952246899869e+00
1.131128683291366954e+00
1.131141526653720142e+00
1.131154471971457909e+00
1.131167509167004814e+00
1.131180628443020364e+00
1.131193820277759166e+00
1.131207075420455288e+00
1.131220384886760133e+00
1.131233739954202733e+00
1.131247132157700230e+00
1.131260553285102999e+00
1.131273995372781505e+00
1.131287450701248698e+00
1.131300911790822816e+00
1.131314371397337482e+00
1.131327822507884218e+00
1.131341258336594713e+00
1.131354672320466825e+00
1.131368058115239439e+00
1.131381409591286635e+00
1.131394720829578482e+00
1.131407986117662468e+00
1.131421199945697564e+00
1.131434357002523816e+00
1.131447452171785883e+00
1.131460480528073909e+00
1.131473437333132548e+00
1.131486318032090432e+00
1.131499118249751801e+00
1.131511833786906340e+00
1.131524460616703864e+00
1.131536994881054081e+00
1.131549432887077655e+00
1.131561771103595682e+00
1.131574006157655354e+00
1.131586134831116475e+00
