1.125305974734475578e+00
1.126981894395713057e+00
1.128589010944192061e+00
1.130131301512983910e+00
1.131612307961151975e+00
1.133035193672376151e+00
1.134402791854461690e+00
1.135717646792625768e+00
1.136982049231987313e+00
1.138198066845760525e+00
1.139367570571158561e+00
1.140492257455929526e+00
1.141573670546113695e+00
1.142613216255364605e+00
1.143612179582333743e+00
1.144571737482861007e+00
1.145492970654261811e+00
1.146376873948734110e+00
1.147224365599231577e+00
1.148036295413492835e+00
1.148813452068716767e+00
1.149556569620000079e+00
1.150266333319496237e+00
1.150943384829480332e+00
1.151588326901090475e+00
1.152201727580619561e+00
1.152784123997071530e+00
1.153336025777456531e+00
1.153857918130413607e+00
1.154350264633505763e+00
1.154813509755084455e+00
1.155248081137846716e+00
1.155654391667872982e+00
1.156032841350109086e+00
1.156383819008806491e+00
1.156707703829229494e+00
1.157004866755211081e+00
1.157275671755341184e+00
1.157520476969338574e+00
1.157739635744787776e+00
1.157933497573448101e+00
1.158102408935285821e+00
1.158246714057667992e+00
1.158366755596360154e+00
1.158462875244295587e+00
1.158535414273630604e+00
1.158584714015991057e+00
1.158611116285430676e+00
1.158614963748225923e+00
1.158596600243272157e+00
1.158556371056578493e+00
1.158494623153018432e+00
1.158411705368331823e+00
1.158307968564113999e+00
1.158183765748318717e+00
1.158039452163698524e+00
1.157875385346380126e+00
1.157691925156665746e+00
1.157489433784059774e+00
1.157268275728314144e+00
1.157028817758330996e+00
1.156771428850484451e+00
1.156496480108033076e+00
1.156204344663062100e+00
1.155895397562397342e+00
1.155570015638869075e+00
1.155228577369227905e+00
1.154871462719924802e+00
1.154499052981997620e+00
1.154111730596154128e+00
1.153709878969194857e+00
1.153293882282775185e+00
1.152864125295540276e+00
1.152420993139581240e+00
1.151964871112137967e+00
1.151496144463421301e+00
1.151015198181386312e+00
1.150522416774295564e+00
1.150018184051791792e+00
1.149502882905228729e+00
1.148976895087970851e+00
1.148440600996283312e+00
1.147894379451458891e+00
1.147338607483781248e+00
1.146773660118833860e+00
1.146199910166727953e+00
1.145617728014711956e+00
1.145027481423613214e+00
1.144429535328557179e+00
1.143824251644333101e+00
1.143211989075797685e+00
1.142593102933622928e+00
1.141967944955703418e+00
1.141336863134497337e+00
1.140700201550546966e+00
1.140058300212402287e+00
1.139411494903123545e+00
1.138760117033547070e+00
1.138104493502456460e+00
1.137444946563761938e+00
1.136781793700789800e+00
1.136115347507753004e+00
1.135445915578465081e+00
1.134773800402299360e+00
1.134099299267428806e+00
1.133422704171323847e+00
1.132744301738491055e+00
1.132064373145393876e+00
1.131383194052508978e+00
1.130701034543446060e+00
1.130018159071022543e+00
1.129334826410214099e+00
1.128651289617853992e+00
1.127967795998959799e+00
1.127284587079550038e+00
1.126601898585811945e+00
1.125919960429448530e+00
1.125238996699077676e+00
1.124559225657476125e+00
1.123880859744518457e+00
1.123204105585626111e+00
1.122529164005540814e+00
1.121856230047229674e+00
1.121185492995747879e+00
1.120517136406830039e+00
1.119851338140061880e+00
1.119188270396397566e+00
1.118528099759841465e+00
1.117870987243087866e+00
1.117217088336937003e+00
1.116566553063278233e+00
1.115919526031439624e+00
1.115276146497728327e+00
1.114636548427962115e+00
1.114000860562796458e+00
1.113369206485667062e+00
1.112741704693178901e+00
1.112118468667729898e+00
1.111499606952228492e+00
1.110885223226709684e+00
1.110275416386698355e+00
1.109670280623141325e+00
1.109069905503758280e+00
1.108474376055665234e+00
1.107883772849096671e+00
1.107298172082110010e+00
1.106717645666115635e+00
1.106142261312098363e+00
1.105572082617408913e+00
1.105007169152995461e+00
1.104447576550947163e+00
1.103893356592256847e+00
1.103344557294665407e+00
1.102801223000505981e+00
1.102263394464433999e+00
1.101731108940955384e+00
1.101204400271651895e+00
1.100683298972038315e+00
1.100167832317946459e+00
1.099658024431374059e+00
1.099153896365720584e+00
1.098655466190354035e+00
1.098162749074415911e+00
1.097675757369850125e+00
1.097194500693553287e+00
1.096718986008625718e+00
1.096249217704670764e+00
1.095785197677083822e+00
1.095326925405309959e+00
1.094874398030024620e+00
1.094427610429195674e+00
1.093986555293009477e+00
1.093551223197634537e+00
1.093121602677780579e+00
1.092697680298052587e+00
1.092279440723067152e+00
1.091866866786323387e+00
1.091459939557807068e+00
1.091058638410325132e+00
1.090662941084550974e+00
1.090272823752784115e+00
1.089888261081414456e+00
1.089509226292086463e+00
1.089135691221564839e+00
1.088767626380299891e+00
1.088405001009702833e+00
1.088047783138117675e+00
1.087695939635514364e+00
1.087349436266896063e+00
1.087008237744437444e+00
1.086672307778350222e+00
1.086341609126502572e+00
1.086016103642791553e+00
1.085695752324285390e+00
1.085380515357145192e+00
1.085070352161341400e+00
1.084765221434182525e+00
1.084465081192665048e+00
1.084169888814668026e+00
1.083879601078999499e+00
1.083594174204315808e+00
1.083313563886933562e+00
1.083037725337549162e+00
1.082766613316883397e+00
1.082500182170266001e+00
1.082238385861187036e+00
1.081981178003830868e+00
1.081728511894598732e+00
1.081480340542660734e+00
1.081236616699543074e+00
1.080997292887764472e+00
1.080762321428558881e+00
1.080531654468680713e+00
1.080305244006336540e+00
1.080083041916239717e+00
1.079864999973820350e+00
1.079651069878605263e+00
1.079441203276788386e+00
1.079235351783010222e+00
1.079033467001356161e+00
1.078835500545612280e+00
1.078641404058771958e+00
1.078451129231831285e+00
1.078264627821878152e+00
1.078081851669501656e+00
1.077902752715532708e+00
1.077727283017135829e+00
1.077555394763264118e+00
1.077387040289506936e+00
1.077222172092330954e+00
1.077060742842738561e+00
1.076902705399360283e+00
1.076748012820990530e+00
1.076596618378595105e+00
1.076448475566783136e+00
1.076303538114783853e+00
1.076161759996923761e+00
1.076023095442623756e+00
1.075887498945937271e+00
1.075754925274625018e+00
1.075625329478806513e+00
1.075498666899175504e+00
1.075374893174797730e+00
1.075253964250526773e+00
1.075135836384011334e+00
1.075020466152338150e+00
1.074907810458303858e+00
1.074797826536337819e+00
1.074690471958078319e+00
1.074585704637617933e+00
1.074483482836426473e+00
1.074383765167966853e+00
1.074286510602002753e+00
1.074191678468619626e+00
1.074099228461963706e+00
1.074009120643701687e+00
1.073921315446227931e+00
1.073835773675602789e+00
1.073752456514254217e+00
1.073671325523438913e+00
1.073592342645467212e+00
1.073515470205714806e+00
1.073440670914411088e+00
1.073367907868223448e+00
1.073297144551642379e+00
1.073228344838170756e+00
1.073161472991327692e+00
1.073096493665470996e+00
1.073033371906447986e+00
1.072972073152078654e+00
1.072912563232473637e+00
1.072854808370204527e+00
1.072798775180314745e+00
1.072744430670195204e+00
1.072691742239312296e+00
1.072640677678811549e+00
1.072591205170983386e+00
1.072543293288611865e+00
1.072496910994200636e+00
1.072452027639086980e+00
1.072408612962443053e+00
1.072366637090173658e+00
1.072326070533711873e+00
1.072286884188717870e+00
1.072249049333679372e+00
1.072212537628433937e+00
1.072177321112590898e+00
1.072143372203884226e+00
1.072110663696432153e+00
1.072079168758937495e+00
1.072048860932801828e+00
1.072019714130179047e+00
1.071991702631957200e+00
1.071964801085681485e+00
1.071938984503415959e+00
1.071914228259544855e+00
1.071890508088520821e+00
1.071867800082563216e+00
1.071846080689305314e+00
1.071825326709388904e+00
1.071805515294022682e+00
1.071786623942494465e+00
1.071768630499638775e+00
1.071751513153271773e+00
1.071735250431586239e+00
1.071719821200517675e+00
1.071705204661069999e+00
1.071691380346617262e+00
1.071678328120174273e+00
1.071666028171640583e+00
1.071654461015019599e+00
1.071643607485614158e+00
1.071633448737199235e+00
1.071623966239177550e+00
1.071615141773709645e+00
1.071606957432835516e+00
1.071599395615572936e+00
1.071592439025004229e+00
1.071586070665349277e+00
1.071580273839026987e+00
1.071575032143704753e+00
1.071570329469338612e+00
1.071566149995205830e+00
1.071562478186930623e+00
1.071559298793500314e+00
1.071556596844279952e+00
1.071554357646020472e+00
1.071552566779867099e+00
1.071551210098357299e+00
1.071550273722428948e+00
1.071549744038417851e+00
1.071549607695063910e+00
1.071549851600509529e+00
1.071550462919309332e+00
1.071551429069436567e+00
1.071552737719295934e+00
1.071554376784740414e+00
1.071556334426089663e+00
1.071558599045161930e+00
1.071561159282305109e+00
1.071564004013437543e+00
1.071567122347098833e+00
1.071570503621502413e+00
1.071574137401606563e+00
1.071578013476186975e+00
1.071582121854922409e+00
1.071586452765491693e+00
1.071590996650680250e+00
1.071595744165499742e+00
1.071600686174318362e+00
1.071605813748004232e+00
1.071611118161083898e+00
1.071616590888910370e+00
1.071622223604847823e+00
1.071628008177471392e+00
1.071633936667778952e+00
1.071640001326418457e+00
1.071646194590935020e+00
1.071652509083027116e+00
1.071658937605824313e+00
1.071665473141178992e+00
1.071672108846976723e+00
1.071678838054461069e+00
1.071685654265577714e+00
1.071692551150337458e+00
1.071699522544195204e+00
1.071706562445447375e+00
1.071713665012649086e+00
1.071720824562049978e+00
1.071728035565047144e+00
1.071735292645661808e+00
1.071742590578029342e+00
1.071749924283913247e+00
1.071757288830239796e+00
1.071764679426649547e+00
1.071772091423069506e+00
1.071779520307309719e+00
1.071786961702675844e+00
1.071794411365603050e+00
1.071801865183315883e+00
1.071809319171502350e+00
1.071816769472013098e+00
1.071824212350581673e+00
1.071831644194564559e+00
1.071839061510705404e+00
1.071846460922919686e+00
1.071853839170097134e+00
1.071861193103936349e+00
1.071868519686788090e+00
1.071875815989532077e+00
1.071883079189468457e+00
1.071890306568234585e+00
1.071897495509743337e+00
1.071904643498145626e+00
1.071911748115810470e+00
1.071918807041331023e+00
1.071925818047553713e+00
1.071932778999626468e+00
1.071939687853072476e+00
