1.105492835799367413e+00
1.107310190633186808e+00
1.109040708652781815e+00
1.110690044616478467e+00
1.112263244551426222e+00
1.113764824890261629e+00
1.115198839718275714e+00
1.116568938168162717e+00
1.117878413609758592e+00
1.119130245974626181e+00
1.120327138310767356e+00
1.121471548467177337e+00
1.122565716651095391e+00
1.123611689473684949e+00
1.124611340996974018e+00
1.125566391210782946e+00
1.126478422299545423e+00
1.127348893002182217e+00
1.128179151321416773e+00
1.128970445800037137e+00
1.129723935549242775e+00
1.130440699187155840e+00
1.131121742822951415e+00
1.131768007202860638e+00
1.132380374118319821e+00
1.132959672162740627e+00
1.133506681911904845e+00
1.134022140593060390e+00
1.134506746299311253e+00
1.134961161798786922e+00
1.135386017981749873e+00
1.135781916983554796e+00
1.136149435016692522e+00
1.136489124941250317e+00
1.136801518599596994e+00
1.137087128938134128e+00
1.137346451936377623e+00
1.137579968361299709e+00
1.137788145362935710e+00
1.137971437925494822e+00
1.138130290186689653e+00
1.138265136636693153e+00
1.138376403206909915e+00
1.138464508257779118e+00
1.138529863473847659e+00
1.138572874673599022e+00
1.138593942540789383e+00
1.138593463283417817e+00
1.138571829225874632e+00
1.138529429339389054e+00
1.138466649715338397e+00
1.138383873985723937e+00
1.138281483694635998e+00
1.138159858624337994e+00
1.138019377079222183e+00
1.137860416130711316e+00
1.137683351825899081e+00
1.137488559362574758e+00
1.137276413233041739e+00
1.137047287339021162e+00
1.136801555079757442e+00
1.136539589415312967e+00
1.136261762906923378e+00
1.135968447736157350e+00
1.135660015704563541e+00
1.135336838215329713e+00
1.134999286238446592e+00
1.134647730260785581e+00
1.134282540222376401e+00
1.133904085440182508e+00
1.133512734520525145e+00
1.133108855261313330e+00
1.132692814545144921e+00
1.132264978224297725e+00
1.131825710998584089e+00
1.131375376286998691e+00
1.130914336094024364e+00
1.130442950871449748e+00
1.129961579376459690e+00
1.129470578526793334e+00
1.128970303253643115e+00
1.128461106352989018e+00
1.127943338336011569e+00
1.127417347279162874e+00
1.126883478674501893e+00
1.126342075280788890e+00
1.125793476975870178e+00
1.125238020610807688e+00
1.124676039866204347e+00
1.124107865111121152e+00
1.123533823264981413e+00
1.122954237662792565e+00
1.122369427924034380e+00
1.121779709825481808e+00
1.121185395178252220e+00
1.120586791709311747e+00
1.119984202947660101e+00
1.119377928115383947e+00
1.118768262023765780e+00
1.118155494974569786e+00
1.117539912666663637e+00
1.116921796108050424e+00
1.116301421533419491e+00
1.115679060327274374e+00
1.115054978952681353e+00
1.114429438885673695e+00
1.113802696555328042e+00
1.113175003289506027e+00
1.112546605266235833e+00
1.111917743470727027e+00
1.111288653657939829e+00
1.110659566320677305e+00
1.110030706663123201e+00
1.109402294579734827e+00
1.108774544639416826e+00
1.108147666074863480e+00
1.107521862776963628e+00
1.106897333294159180e+00
1.106274270836617557e+00
1.105652863285102372e+00
1.105033293204404687e+00
1.104415737861178748e+00
1.103800369246062729e+00
1.103187354099906425e+00
1.102576853943979751e+00
1.101969025113981981e+00
1.101364018797722721e+00
1.100761981076283869e+00
1.100163052968530453e+00
1.099567370478794714e+00
1.098975064647576882e+00
1.098386261605107217e+00
1.097801082627593017e+00
1.097219644196021582e+00
1.096642058057331504e+00
1.096068431287817058e+00
1.095498866358603607e+00
1.094933461203051017e+00
1.094372309285925438e+00
1.093815499674203995e+00
1.093263117109365412e+00
1.092715242081031324e+00
1.092171950901819066e+00
1.091633315783269387e+00
1.091099404912736714e+00
1.090570282531097890e+00
1.090046009011168104e+00
1.089526640936710589e+00
1.089012231181921919e+00
1.088502828991279703e+00
1.087998480059659601e+00
1.087499226612614445e+00
1.087005107486715305e+00
1.086516158209867688e+00
1.086032411081519156e+00
1.085553895252658885e+00
1.085080636805543230e+00
1.084612658833067567e+00
1.084149981517709804e+00
1.083692622209974754e+00
1.083240595506285153e+00
1.082793913326246527e+00
1.082352584989235478e+00
1.081916617290262339e+00
1.081486014575040455e+00
1.081060778814242562e+00
1.080640909676874983e+00
1.080226404602746104e+00
1.079817258873986052e+00
1.079413465685586049e+00
1.079015016214924128e+00
1.078621899690250130e+00
1.078234103458107107e+00
1.077851613049666479e+00
1.077474412245947644e+00
1.077102483141919809e+00
1.076735806209459634e+00
1.076374360359153792e+00
1.076018123000940019e+00
1.075667070103567990e+00
1.075321176252886923e+00
1.074980414708944343e+00
1.074644757461890698e+00
1.074314175286704254e+00
1.073988637796713830e+00
1.073668113495939380e+00
1.073352569830246406e+00
1.073041973237308433e+00
1.072736289195407977e+00
1.072435482271055118e+00
1.072139516165446338e+00
1.071848353759774719e+00
1.071561957159389289e+00
1.071280287736823933e+00
1.071003306173703207e+00
1.070730972501541256e+00
1.070463246141438063e+00
1.070200085942696999e+00
1.069941450220365908e+00
1.069687296791734799e+00
1.069437583011779047e+00
1.069192265807591857e+00
1.068951301711794200e+00
1.068714646894965314e+00
1.068482257197087559e+00
1.068254088158038906e+00
1.068030095047134642e+00
1.067810232891753364e+00
1.067594456505049472e+00
1.067382720512775718e+00
1.067174979379231781e+00
1.066971187432361523e+00
1.066771298888008923e+00
1.066575267873350219e+00
1.066383048449531801e+00
1.066194594633515180e+00
1.066009860419156130e+00
1.065828799797534199e+00
1.065651366776547038e+00
1.065477515399788633e+00
1.065307199764732093e+00
1.065140374040216775e+00
1.064976992483290141e+00
1.064817009455377717e+00
1.064660379437837756e+00
1.064507057046886196e+00
1.064356997047926079e+00
1.064210154369289230e+00
1.064066484115409494e+00
1.063925941579437318e+00
1.063788482255315193e+00
1.063654061849328869e+00
1.063522636291146739e+00
1.063394161744359190e+00
1.063268594616539220e+00
1.063145891568828771e+00
1.063026009525075866e+00
1.062908905680520766e+00
1.062794537510055815e+00
1.062682862776072046e+00
1.062573839535890352e+00
1.062467426148811622e+00
1.062363581282778080e+00
1.062262263920665806e+00
1.062163433366223320e+00
1.062067049249658890e+00
1.061973071532891222e+00
1.061881460514481512e+00
1.061792176834238211e+00
1.061705181477529569e+00
1.061620435779289107e+00
1.061537901427743069e+00
1.061457540467859006e+00
1.061379315304524340e+00
1.061303188705471356e+00
1.061229123803945518e+00
1.061157084101140846e+00
1.061087033468393948e+00
1.061018936149157543e+00
1.060952756760752624e+00
1.060888460295917213e+00
1.060826012124142848e+00
1.060765377992826108e+00
1.060706524028221631e+00
1.060649416736219930e+00
1.060594023002947806e+00
1.060540310095200223e+00
1.060488245660707429e+00
1.060437797728249976e+00
1.060388934707616082e+00
1.060341625389422893e+00
1.060295838944786295e+00
1.060251544924870837e+00
1.060208713260293756e+00
1.060167314260422211e+00
1.060127318612536618e+00
1.060088697380889400e+00
1.060051422005646948e+00
1.060015464301731436e+00
1.059980796457558272e+00
1.059947391033677855e+00
1.059915220961322291e+00
1.059884259540867069e+00
1.059854480440201918e+00
1.059825857693028173e+00
1.059798365697067091e+00
1.059771979212204895e+00
1.059746673358558988e+00
1.059722423614478215e+00
1.059699205814481182e+00
1.059676996147127737e+00
1.059655771152836712e+00
1.059635507721641279e+00
1.059616183090900332e+00
1.059597774842949480e+00
1.059580260902710735e+00
1.059563619535252244e+00
1.059547829343309600e+00
1.059532869264761867e+00
1.059518718570071849e+00
1.059505356859688607e+00
1.059492764061417125e+00
1.059480920427753770e+00
1.059469806533194891e+00
1.059459403271511446e+00
1.059449691853003861e+00
1.059440653801729360e+00
1.059432270952701538e+00
1.059424525449079058e+00
1.059417399739325916e+00
1.059410876574355953e+00
1.059404939004662261e+00
1.059399570377431488e+00
1.059394754333642608e+00
1.059390474805153470e+00
1.059386716011780472e+00
1.059383462458359570e+00
1.059380698931809972e+00
1.059378410498182710e+00
1.059376582499703678e+00
1.059375200551815999e+00
1.059374250540214835e+00
1.059373718617877325e+00
1.059373591202098508e+00
1.059373854971515483e+00
1.059374496863141113e+00
1.059375504069394180e+00
1.059376864035127985e+00
1.059378564454671823e+00
1.059380593268863135e+00
1.059382938662094320e+00
1.059385589059358423e+00
1.059388533123301501e+00
1.059391759751286077e+00
1.059395258072454604e+00
1.059399017444804914e+00
1.059403027452273882e+00
1.059407277901829092e+00
1.059411758820571148e+00
1.059416460452845765e+00
1.059421373257364962e+00
1.059426487904343794e+00
1.059431795272643750e+00
1.059437286446933024e+00
1.059442952714856334e+00
1.059448785564220064e+00
1.059454776680191168e+00
1.059460917942507630e+00
1.059467201422706673e+00
1.059473619381367193e+00
1.059480164265365731e+00
1.059486828705151540e+00
1.059493605512033421e+00
1.059500487675487435e+00
1.059507468360479487e+00
1.059514540904803015e+00
1.059521698816437763e+00
1.059528935770925218e+00
1.059536245608759142e+00
1.059543622332799861e+00
1.059551060105699438e+00
1.059558553247356150e+00
1.059566096232375854e+00
1.059573683687563550e+00
1.059581310389427600e+00
1.059588971261704593e+00
1.059596661372907755e+00
1.059604375933891118e+00
1.059612110295435450e+00
1.059619859945857057e+00
1.059627620508632351e+00
1.059635387740046619e+00
1.059643157526865220e+00
1.059650925884018324e+00
1.059658688952317185e+00
1.059666442996183511e+00
1.059674184401404595e+00
1.059681909672907096e+00
1.059689615432553467e+00
1.059697298416963029e+00
1.059704955475350374e+00
1.059712583567386179e+00
1.059720179761083347e+00
1.059727741230702458e+00
1.059735265254678760e+00
1.059742749213572699e+00
1.059750190588042429e+00
1.059757586956837860e+00
1.059764935994815582e+00
1.059772235470981094e+00
1.059779483246546139e+00
1.059786677273013122e+00
1.059793815590282184e+00
1.059800896324774477e+00
1.059807917687588308e+00
1.059814877972665270e+00
1.059821775554987244e+00
1.059828608888793822e+00
1.059835376505818827e+00
