1.261197226530251347e+00
1.263970200239746822e+00
1.266618429624243092e+00
1.269148695324424647e+00
1.271567044705784300e+00
1.273878887699588791e+00
1.276089078400270527e+00
1.278201984836714100e+00
1.280221548876758764e+00
1.282151337860876428e+00
1.283994589272307252e+00
1.285754249518355596e+00
1.287433007712636801e+00
1.289033325195841018e+00
1.290557461410463569e+00
1.292007496645041886e+00
1.293385352080504314e+00
1.294692807503912135e+00
1.295931516998815702e+00
1.297103022874530609e+00
1.298208768058260132e+00
1.299250107141098898e+00
1.300228316241742288e+00
1.301144601829254732e+00
1.302000108625980923e+00
1.302795926695876849e+00
1.303533097809654207e+00
1.304212621165412145e+00
1.304835458534262527e+00
1.305402538891156539e+00
1.305914762583592514e+00
1.306373005084885630e+00
1.306778120372688257e+00
1.307130943968898729e+00
1.307432295672816380e+00
1.307682982015989204e+00
1.307883798463748359e+00
1.308035531386059214e+00
1.308138959817597646e+00
1.308194857025191116e+00
1.308203991898698071e+00
1.308167130179933135e+00
1.308085035542802421e+00
1.307958470536660700e+00
1.307788197403599417e+00
1.307574978779712405e+00
1.307319578289303008e+00
1.307022761040357084e+00
1.306685294028929967e+00
1.306307946459431379e+00
1.305891489987373921e+00
1.305436698890654279e+00
1.304944350174836343e+00
1.304415223617884312e+00
1.303850101758999402e+00
1.303249769836435368e+00
1.302615015678268762e+00
1.301946629550444490e+00
1.301245403965745062e+00
1.300512133457416786e+00
1.299747614320612366e+00
1.298952644325274353e+00
1.298128022403033599e+00
1.297274548311383668e+00
1.296393022277683382e+00
1.295484244625612291e+00
1.294549015386602608e+00
1.293588133898501580e+00
1.292602398393765561e+00
1.291592605579167330e+00
1.290559550209179784e+00
1.289504024654684500e+00
1.288426818469053048e+00
1.287328717953026613e+00
1.286210505720113861e+00
1.285072960263975883e+00
1.283916855529132928e+00
1.282742960486396244e+00
1.281552038714072417e+00
1.280344847986276902e+00
1.279122139869258712e+00
1.277884659326691263e+00
1.276633144334979653e+00
1.275368325509161460e+00
1.274090925740396063e+00
1.272801659845428146e+00
1.271501234228895605e+00
1.270190346558780714e+00
1.268869685455677354e+00
1.267539930196052156e+00
1.266201750430060002e+00
1.264855805913988274e+00
1.263502746257787468e+00
1.262143210687596717e+00
1.260777827823602593e+00
1.259407215473245190e+00
1.258031980439693553e+00
1.256652718345725894e+00
1.255270013472882251e+00
1.253884438615772146e+00
1.252496554951454621e+00
1.251106911923697940e+00
1.249716047141894659e+00
1.248324486294501545e+00
1.246932743076580197e+00
1.245541319131346247e+00
1.244150704005273722e+00
1.242761375116493650e+00
1.241373797736188500e+00
1.239988424982483073e+00
1.238605697826639318e+00
1.237226045111049944e+00
1.235849883578553188e+00
1.234477617912942859e+00
1.233109640789926909e+00
1.231746332938366884e+00
1.230388063211190763e+00
1.229035188665686507e+00
1.227688054652671168e+00
1.226346994914096822e+00
1.225012331688732470e+00
1.223684375825398352e+00
1.222363426903410932e+00
1.221049773359768498e+00
1.219743692622661912e+00
1.218445451250918632e+00
1.217155305078956085e+00
1.215873499366884714e+00
1.214600268955298379e+00
1.213335838424426827e+00
1.212080422257284962e+00
1.210834225006408360e+00
1.209597441463839962e+00
1.208370256834056633e+00
1.207152846909453459e+00
1.205945378248087119e+00
1.204748008353363042e+00
1.203560885855381457e+00
1.202384150693607268e+00
1.201217934300615298e+00
1.200062359786691513e+00
1.198917542124913860e+00
1.197783588336565952e+00
1.196660597676630022e+00
1.195548661819122005e+00
1.194447865042026269e+00
1.193358284411730308e+00
1.192279989966616105e+00
1.191213044899772866e+00
1.190157505740575994e+00
1.189113422534990416e+00
1.188080839024463264e+00
1.187059792823252691e+00
1.186050315594030735e+00
1.185052433221729817e+00
1.184066165985392605e+00
1.183091528728030362e+00
1.182128531024317919e+00
1.181177177346090179e+00
1.180237467225520920e+00
1.179309395415908401e+00
1.178392952050060449e+00
1.177488122796118031e+00
1.176594889010862621e+00
1.175713227890409884e+00
1.174843112618235708e+00
1.173984512510557909e+00
1.173137393158974140e+00
1.172301716570373742e+00
1.171477441304125122e+00
1.170664522606438940e+00
1.169862912542003697e+00
1.169072560122816462e+00
1.168293411434216278e+00
1.167525409758156441e+00
1.166768495693682572e+00
1.166022607274648015e+00
1.165287680084680311e+00
1.164563647369368349e+00
1.163850440145789422e+00
1.163147987309261611e+00
1.162456215737477816e+00
1.161775050391939734e+00
1.161104414416766151e+00
1.160444229234950830e+00
1.159794414641977633e+00
1.159154888896942293e+00
1.158525568811171524e+00
1.157906369834349469e+00
1.157297206138239165e+00
1.156697990697973077e+00
1.156108635371026150e+00
1.155529050973827632e+00
1.154959147356135363e+00
1.154398833473123442e+00
1.153848017455322728e+00
1.153306606676362200e+00
1.152774507818582705e+00
1.152251626936641626e+00
1.151737869519014579e+00
1.151233140547531564e+00
1.150737344554960462e+00
1.150250385680682719e+00
1.149772167724509186e+00
1.149302594198640337e+00
1.148841568377887645e+00
1.148388993348116838e+00
1.147944772052988727e+00
1.147508807339056247e+00
1.147081001999243011e+00
1.146661258814700712e+00
1.146249480595169068e+00
1.145845570217806975e+00
1.145449430664551294e+00
1.145060965058082747e+00
1.144680076696344972e+00
1.144306669085764838e+00
1.143940645973118952e+00
1.143581911376126747e+00
1.143230369612806996e+00
1.142885925329590879e+00
1.142548483528309733e+00
1.142217949591971538e+00
1.141894229309460496e+00
1.141577228899174568e+00
1.141266855031552119e+00
1.140963014850629120e+00
1.140665615994590487e+00
1.140374566615373508e+00
1.140089775397289840e+00
1.139811151574819492e+00
1.139538604949461575e+00
1.139272045905791231e+00
1.139011385426628387e+00
1.138756535107476653e+00
1.138507407170141095e+00
1.138263914475629912e+00
1.138025970536291176e+00
1.137793489527301416e+00
1.137566386297426124e+00
1.137344576379154537e+00
1.137127975998182494e+00
1.136916502082299107e+00
1.136710072269647931e+00
1.136508604916448784e+00
1.136312019104139370e+00
1.136120234645999760e+00
1.135933172093233523e+00
1.135750752740567249e+00
1.135572898631378447e+00
1.135399532562315628e+00
1.135230578087512265e+00
1.135065959522340018e+00
1.134905601946749831e+00
1.134749431208204262e+00
1.134597373924239427e+00
1.134449357484613952e+00
1.134305310053139060e+00
1.134165160569118536e+00
1.134028838748491141e+00
1.133896275084606220e+00
1.133767400848738172e+00
1.133642148090246105e+00
1.133520449636497895e+00
1.133402239092464958e+00
1.133287450840099853e+00
1.133176020037405696e+00
1.133067882617307065e+00
1.132962975286253782e+00
1.132861235522598653e+00
1.132762601574762051e+00
1.132667012459197320e+00
1.132574407958128360e+00
1.132484728617108027e+00
1.132397915742411110e+00
1.132313911398195705e+00
1.132232658403559356e+00
1.132154100329382018e+00
1.132078181495024705e+00
1.132004846964899114e+00
1.131934042544878061e+00
1.131865714778558463e+00
1.131799810943412199e+00
1.131736279046807958e+00
1.131675067821904523e+00
1.131616126723436588e+00
1.131559405923400874e+00
1.131504856306626339e+00
1.131452429466246468e+00
1.131402077699082742e+00
1.131353754000951506e+00
1.131307412061860473e+00
1.131263006261133075e+00
1.131220491662489724e+00
1.131179824008996526e+00
1.131140959718014871e+00
1.131103855876021136e+00
1.131068470233420387e+00
1.131034761199265493e+00
1.131002687835952925e+00
1.130972209853845722e+00
1.130943287605850056e+00
1.130915882081975576e+00
1.130889954903818717e+00
1.130865468319032230e+00
1.130842385195756750e+00
1.130820669017001512e+00
1.130800283875033285e+00
1.130781194465694028e+00
1.130763366082725652e+00
1.130746764612059696e+00
1.130731356526085918e+00
1.130717108877919763e+00
1.130703989295622991e+00
1.130691965976442059e+00
1.130681007681014760e+00
1.130671083727580406e+00
1.130662163986170032e+00
1.130654218872807260e+00
1.130647219343681398e+00
1.130641136889337206e+00
1.130635943528871534e+00
1.130631611804095549e+00
1.130628114773736703e+00
1.130625426007627388e+00
1.130623519580898018e+00
1.130622370068177451e+00
1.130621952537815833e+00
1.130622242546094336e+00
1.130623216131454889e+00
1.130624849808762322e+00
1.130627120563531429e+00
1.130630005846225528e+00
1.130633483566525710e+00
1.130637532087642505e+00
1.130642130220632202e+00
1.130647257218736268e+00
1.130652892771737639e+00
1.130659017000354982e+00
1.130665610450621417e+00
1.130672654088322959e+00
1.130680129293441860e+00
1.130688017854624805e+00
1.130696301963681094e+00
1.130704964210102803e+00
1.130713987575616253e+00
1.130723355428748134e+00
1.130733051519438481e+00
1.130743059973671194e+00
1.130753365288132306e+00
1.130763952324896238e+00
1.130774806306158009e+00
1.130785912808984328e+00
1.130797257760085772e+00
1.130808827430656915e+00
1.130820608431202245e+00
1.130832587706438019e+00
1.130844752530196118e+00
1.130857090500388962e+00
1.130869589533989528e+00
1.130882237862051776e+00
1.130895024024771711e+00
1.130907936866586860e+00
1.130920965531295286e+00
1.130934099457237219e+00
1.130947328372490013e+00
1.130960642290120610e+00
1.130974031503459543e+00
1.130987486581422008e+00
1.131000998363874466e+00
1.131014557957021660e+00
1.131028156728853595e+00
1.131041786304616492e+00
1.131055438562327486e+00
1.131069105628341731e+00
1.131082779872939259e+00
1.131096453905969357e+00
1.131110120572526245e+00
1.131123772948662287e+00
1.131137404337169139e+00
1.131151008263360014e+00
1.131164578470920334e+00
1.131178108917795910e+00
1.131191593772111759e+00
1.131205027408153097e+00
1.131218404402364097e+00
1.131231719529410373e+00
1.131244967758269215e+00
1.131258144248372899e+00
1.131271244345771754e+00
1.131284263579379612e+00
1.131297197657229692e+00
1.131310042462762455e+00
1.131322794051207614e+00
1.131335448645956143e+00
1.131348002634996908e+00
1.131360452567386377e+00
1.131372795149792276e+00
1.131385027243029251e+00
