1.092682900413410430e+00
1.104564477546394086e+00
1.113479410176554163e+00
1.120636454514860603e+00
1.126150937978491084e+00
1.130477736559375668e+00
1.133973799753982714e+00
1.136766411417813094e+00
1.138785398267059268e+00
1.140101561692478560e+00
1.141327519596635920e+00
1.141168998187311656e+00
1.140922796483742285e+00
1.140200079442486691e+00
1.139838341880619499e+00
1.137409680810238966e+00
1.135445588400687988e+00
1.133134558111562384e+00
1.131731902002091505e+00
1.127569432831668994e+00
1.124331809157689932e+00
1.120932126025454334e+00
1.118981527600327430e+00
1.113599582096505447e+00
1.109731346588600731e+00
1.105770050706250451e+00
1.103591811195127503e+00
1.099575986686524676e+00
1.093603779303578882e+00
1.089553100942826536e+00
1.087497297867633828e+00
1.083556886160663923e+00
1.077722885707110612e+00
1.073939639162633020e+00
1.070258295970834661e+00
1.068679360334866324e+00
1.063271843679987949e+00
1.059980513760301335e+00
1.056838843641714654e+00
1.055740841983183298e+00
1.050995314528072822e+00
1.048303581486566660e+00
1.045766657137524591e+00
1.045235614029538462e+00
1.041155680469225464e+00
1.039077850305017980e+00
1.037147962966082471e+00
1.037064864499422701e+00
1.033720739209947226e+00
1.032210824711729868e+00
1.030841530662962358e+00
1.031113784918315401e+00
1.029943942656188938e+00
1.027434465265981478e+00
1.026523703380971320e+00
1.027086641572171777e+00
1.025013188801128461e+00
1.024393289734199630e+00
1.023858955182061159e+00
1.023404552392886080e+00
1.024224149929684469e+00
1.022708534937268654e+00
1.022461397951248907e+00
1.022278160133182068e+00
1.023235972182437337e+00
1.022056876845186757e+00
1.022021022064670159e+00
1.022019441618185809e+00
1.023063396685840454e+00
1.022164392591615512e+00
1.022253454312092691e+00
1.022372285720253737e+00
1.023441216277142241e+00
1.022671272849438262e+00
1.022845344975533699e+00
1.023032074265695535e+00
1.024131835468426344e+00
1.024337364802537564e+00
1.023639691548634323e+00
1.023853182233736003e+00
1.022245522000788887e+00
1.024283671132270257e+00
1.024497496578620659e+00
1.024708523761481027e+00
1.023056378967448277e+00
1.023248804316061245e+00
1.025319363783270266e+00
1.025508643087250649e+00
1.025685934221660434e+00
1.023935375630074196e+00
1.026025169639840140e+00
1.026176341797200520e+00
1.026324031077142873e+00
1.024478679070222720e+00
1.026591824799843122e+00
1.026711847976613301e+00
1.026828542369983666e+00
1.024875257977601262e+00
1.027029743423874653e+00
1.027104595099295858e+00
