1.108320723564750532e+00
1.115753827005465881e+00
1.122394415915644705e+00
1.128476592075829954e+00
1.134096133426473418e+00
1.139269573032417604e+00
1.144018068317194770e+00
1.148354395429848962e+00
1.152243184954576227e+00
1.155647717529677099e+00
1.158649362014116280e+00
1.161137315656009195e+00
1.163169728199939801e+00
1.164729050265043586e+00
1.165840518274679605e+00
1.166411949470284259e+00
1.166547562643163838e+00
1.166222670626920088e+00
1.165509806867484066e+00
1.164262228848221170e+00
1.162667894665984081e+00
1.160687662065802650e+00
1.158443850099958539e+00
1.155705405017747101e+00
1.152756851891270085e+00
1.149545065402052924e+00
1.146212916585809705e+00
1.142581084735954988e+00
1.138656191822149388e+00
1.134712803888006771e+00
1.130805823547385236e+00
1.126694077905499913e+00
1.122382401319002243e+00
1.118197103105981860e+00
1.114012664923904161e+00
1.110023502160956577e+00
1.105750011985835668e+00
1.101707780917757118e+00
1.097745181878679421e+00
1.094053176107711689e+00
1.090123267861823564e+00
1.086486201508254812e+00
1.082974753748694452e+00
1.079769893439533890e+00
1.076364288812297065e+00
1.073273929123820913e+00
1.070330721675200936e+00
1.067694704885307377e+00
1.064892799332179729e+00
1.062397800701754713e+00
1.060052461679957592e+00
1.057990033499323745e+00
1.055929661301493017e+00
1.053885615379182905e+00
1.052111220354182919e+00
1.050347326556954064e+00
1.048958546794962476e+00
1.047571216907239977e+00
1.046305149023808889e+00
1.045154849871708480e+00
1.044031692652231502e+00
1.043180452326392782e+00
1.042346409569853805e+00
1.041607889178545854e+00
1.040907136271866706e+00
1.040393312434516826e+00
1.039908313897805137e+00
1.039498904109637634e+00
1.039137419271909391e+00
1.038883217604667841e+00
1.038667977833230838e+00
1.038508636470685254e+00
1.038405706185658417e+00
1.038338868180840535e+00
1.038319647967512527e+00
1.038338961407711203e+00
1.038420247122573636e+00
1.038509557953796403e+00
1.038590789857720020e+00
1.038727164115384571e+00
1.038927622181927468e+00
1.039058986800136530e+00
1.039248255062103388e+00
1.039449872754850679e+00
1.039714623559375273e+00
1.039934507363418970e+00
1.040099527394863888e+00
1.040325215308594675e+00
1.040550801589104069e+00
1.040835998585783795e+00
1.040997387813962227e+00
1.041214771679190410e+00
1.041426773781070736e+00
1.041693083162906763e+00
1.041829337464504679e+00
1.042018330599503440e+00
1.042198070576767721e+00
1.042424140738975380e+00
1.042525121119809439e+00
1.042673137873064704e+00
