1.105785782025285213e+00
1.113063260421416567e+00
1.119675232988786906e+00
1.125794483030443160e+00
1.131489642595087997e+00
1.136772161897763755e+00
1.141658317761139019e+00
1.146119018743456230e+00
1.150170506951169180e+00
1.153787454931550771e+00
1.156985291246503511e+00
1.159669299778965712e+00
1.161915053751544802e+00
1.163689461413357051e+00
1.165037566279566006e+00
1.165818736447273851e+00
1.166181372976777597e+00
1.166086799913679473e+00
1.165621234300325382e+00
1.164582425709656199e+00
1.163209295124631115e+00
1.161451608664870072e+00
1.159438357372215123e+00
1.156885988608687299e+00
1.154135299983611196e+00
1.151112657743996071e+00
1.147985729489670481e+00
1.144521822193766303e+00
1.140728622812890114e+00
1.136933067610214954e+00
1.133187032810297090e+00
1.129194767089426010e+00
1.124964689390664407e+00
1.120873452662370928e+00
1.116773339563835288e+00
1.112878604617056899e+00
1.108634626940379730e+00
1.104635002921139142e+00
1.100704903119727129e+00
1.097059178593138506e+00
1.093110030823255308e+00
1.089469236476908076e+00
1.085945773340426523e+00
1.082744272773718208e+00
1.079280593452984993e+00
1.076149787708799765e+00
1.073158714114411438e+00
1.070492669370108008e+00
1.067604217761934260e+00
1.065042583647303420e+00
1.062624253045737266e+00
1.060188295737684250e+00
1.058059094405102263e+00
1.056214364079768320e+00
1.054351386582804695e+00
1.052488539490296526e+00
1.051016362546880911e+00
1.049536661352637346e+00
1.048176569679895698e+00
1.046931667129414656e+00
1.045705905771512345e+00
1.044768849193369986e+00
1.043841494108669110e+00
1.043010386738850714e+00
1.042211849134434765e+00
1.041617661665075412e+00
1.041046442636068603e+00
1.040552199218945040e+00
1.040102347713402819e+00
1.039776228428604954e+00
1.039485277802957075e+00
1.039253089888489301e+00
1.039075019609735806e+00
1.038947875231940099e+00
1.038866570133273992e+00
1.038827476978769315e+00
1.038755236436985641e+00
1.038774031501748407e+00
1.038926087256189845e+00
1.039019159929584823e+00
1.039010047494859368e+00
1.039275869109661965e+00
1.039433535176302437e+00
1.039606920908918708e+00
1.039627770685079167e+00
1.039817706393830310e+00
1.040195955948748363e+00
1.040407456543791742e+00
1.040623086436443856e+00
1.040649090749534045e+00
1.041058978778880872e+00
1.041275942229842100e+00
1.041490284257615917e+00
1.041504497628209069e+00
1.041905808533586386e+00
1.042104699321823924e+00
1.042296393159116041e+00
1.042291936604596181e+00
1.042655079988657363e+00
1.042820735689803824e+00
