1.116251035053177354e+00
1.124646434987832233e+00
1.131597322901814584e+00
1.137530905362041489e+00
1.143000245751575994e+00
1.148042567545151771e+00
1.152408385823172621e+00
1.156169967283786848e+00
1.159556277629397281e+00
1.162430380064644053e+00
1.164832518612031631e+00
1.166724256246995051e+00
1.168110579261850468e+00
1.169020021608499382e+00
1.169361543739682041e+00
1.169397174762404568e+00
1.168871012813765597e+00
1.167912790449016303e+00
1.166333048707646869e+00
1.164733028044765639e+00
1.162537077577287858e+00
1.160004678932328614e+00
1.156902593112895339e+00
1.153996041903214254e+00
1.150581256826058052e+00
1.146939123091238466e+00
1.142813720341592454e+00
1.138805837899265594e+00
1.134956924030320113e+00
1.130734060987456990e+00
1.126118729024218945e+00
1.121771455937916162e+00
1.117716160209310639e+00
1.113371549119398951e+00
1.109051924762398000e+00
1.104482865419358806e+00
1.100586964163979165e+00
1.096492128557665202e+00
1.092491974341202710e+00
1.088292686169799461e+00
1.084835583720936691e+00
1.081208684334864722e+00
1.077724479866006613e+00
1.074103384915693571e+00
1.071212429290978596e+00
1.068186038297988416e+00
1.065312612649791824e+00
1.062500059172282851e+00
1.060033312391520655e+00
1.057632534203395647e+00
1.055383495073299205e+00
1.053216512565176233e+00
1.051270124950230755e+00
1.049520963844985166e+00
1.047850352682395680e+00
1.046262430823728495e+00
1.044894830883132952e+00
1.043601478053737042e+00
1.042437938088866423e+00
1.041382401754697096e+00
1.040449009779169876e+00
1.039605622687867825e+00
1.038863827692405151e+00
1.038208603824785969e+00
1.037671677180068475e+00
1.037162768166781213e+00
1.036755965922562917e+00
1.036412981204392070e+00
1.036198375131400784e+00
1.035930318487000346e+00
1.035775712891365608e+00
1.035670813830890991e+00
1.035693831238390983e+00
1.035600997109076049e+00
1.035625325203369806e+00
1.035678037962219911e+00
1.035865134845679991e+00
1.035982962938304830e+00
1.036019906009630009e+00
1.036177160821953436e+00
1.036466464470516380e+00
1.036539727851488513e+00
1.036738919045319784e+00
1.036950213179362867e+00
1.037283742453223523e+00
1.037505420900118658e+00
1.037597837975405390e+00
1.037818901715796160e+00
1.038038096575157443e+00
1.038381012044829133e+00
1.038464804907114347e+00
1.038667841781071743e+00
1.038865179092108182e+00
1.039175846816325244e+00
1.039229108088721931e+00
1.039398453805832734e+00
1.039557802426906985e+00
1.039823583512893501e+00
1.039836771188031195e+00
1.039960307422434393e+00
