1.042160917210612991e+00
1.047903113265710839e+00
1.054374110792966057e+00
1.061903920800183698e+00
1.067198392168193788e+00
1.070221514934322604e+00
1.074361482536006163e+00
1.079521876208829445e+00
1.082504431017000890e+00
1.084934830728642607e+00
1.085533995406222862e+00
1.088218551346348928e+00
1.089094553953492861e+00
1.089488630695804039e+00
1.088667707228286874e+00
1.088891150335855595e+00
1.087949660181549705e+00
1.086612003188439424e+00
1.084781962796768751e+00
1.082865012147891326e+00
1.080510027229972136e+00
1.077883916504311479e+00
1.075485192120850142e+00
1.071942031186036370e+00
1.068687129764578136e+00
1.067153825895800212e+00
1.062751626143510375e+00
1.059257253198561566e+00
1.057336514274125783e+00
1.053943407565422596e+00
1.048572488729330843e+00
1.045012120711106496e+00
1.043748112767721503e+00
1.040427286655880801e+00
1.037167230378913674e+00
1.031427422994431797e+00
1.030936897762343207e+00
1.027995980326702918e+00
1.025183503815505492e+00
1.019674861232321650e+00
1.019966973241105412e+00
1.017575556996591857e+00
1.015351645509266820e+00
1.014915469797963432e+00
1.011363625918444642e+00
1.009613304342516171e+00
1.008005286576754811e+00
1.008223726652420105e+00
1.005273281147504472e+00
1.004112399453588544e+00
1.003090732282847952e+00
1.003838629982442887e+00
1.003072892468347410e+00
1.000825814253594626e+00
1.000293451567469294e+00
1.001435645144897357e+00
9.995613387392983107e-01
9.993146919703966846e-01
9.991176049942925852e-01
9.990205226575535891e-01
1.000521617853764589e+00
9.990213704536734518e-01
9.991035764377381723e-01
9.992249818062378663e-01
1.000838710122231578e+00
9.995409724602678514e-01
9.997220225093997881e-01
9.999308063746964459e-01
1.001567508397363637e+00
1.000346410567119815e+00
1.000558385852437837e+00
1.000746347691438665e+00
1.002343999196465330e+00
1.001111438170976031e+00
1.001251039289896116e+00
1.001383591722548205e+00
1.002906437430253650e+00
1.002975324287917580e+00
1.001596264312043294e+00
1.001620390930238136e+00
1.003021823499772758e+00
1.001563806337403495e+00
1.001497197985807830e+00
1.001386202945358406e+00
1.002705999847700591e+00
1.002558478078515725e+00
1.000896862740594084e+00
1.000687178993305171e+00
1.000439008482667536e+00
1.001697680952493563e+00
9.998877985552188097e-01
9.995879986890778834e-01
9.992577215691073045e-01
1.000488390606312450e+00
9.985768224524814718e-01
9.982058464602858727e-01
1.005227393914630341e+00
9.990357653349227762e-01
1.004576754869455968e+00
1.004238756217810336e+00
