3.0996e-02	6.6638e-01
3.1027e-02	6.6656e-01
3.1058e-02	6.6677e-01
3.1089e-02	6.6698e-01
3.1120e-02	6.6720e-01
3.1151e-02	6.6744e-01
3.1183e-02	6.6768e-01
3.1214e-02	6.6793e-01
3.1246e-02	6.6820e-01
3.1277e-02	6.6846e-01
3.1309e-02	6.6874e-01
3.1340e-02	6.6902e-01
3.1372e-02	6.6930e-01
3.1403e-02	6.6959e-01
3.1435e-02	6.6988e-01
3.1467e-02	6.7018e-01
3.1499e-02	6.7048e-01
3.1531e-02	6.7077e-01
3.1563e-02	6.7107e-01
3.1595e-02	6.7137e-01
3.1627e-02	6.7167e-01
3.1660e-02	6.7196e-01
3.1692e-02	6.7226e-01
3.1724e-02	6.7254e-01
3.1757e-02	6.7283e-01
3.1789e-02	6.7311e-01
3.1822e-02	6.7339e-01
3.1854e-02	6.7366e-01
3.1887e-02	6.7392e-01
3.1920e-02	6.7418e-01
3.1953e-02	6.7443e-01
3.1986e-02	6.7467e-01
3.2019e-02	6.7490e-01
3.2052e-02	6.7512e-01
3.2085e-02	6.7533e-01
3.2118e-02	6.7554e-01
3.2151e-02	6.7573e-01
3.2184e-02	6.7591e-01
3.2218e-02	6.7608e-01
3.2251e-02	6.7624e-01
3.2285e-02	6.7638e-01
3.2318e-02	6.7652e-01
3.2352e-02	6.7664e-01
3.2386e-02	6.7674e-01
3.2420e-02	6.7684e-01
3.2454e-02	6.7692e-01
3.2487e-02	6.7698e-01
3.2521e-02	6.7704e-01
3.2556e-02	6.7707e-01
3.2590e-02	6.7710e-01
3.2624e-02	6.7710e-01
3.2658e-02	6.7710e-01
3.2693e-02	6.7707e-01
3.2727e-02	6.7704e-01
3.2762e-02	6.7698e-01
3.2796e-02	6.7692e-01
3.2831e-02	6.7683e-01
3.2866e-02	6.7673e-01
3.2900e-02	6.7662e-01
3.2935e-02	6.7649e-01
3.2970e-02	6.7634e-01
3.3005e-02	6.7618e-01
3.3040e-02	6.7600e-01
3.3076e-02	6.7580e-01
3.3111e-02	6.7559e-01
3.3146e-02	6.7536e-01
3.3182e-02	6.7512e-01
3.3217e-02	6.7486e-01
3.3253e-02	6.7459e-01
3.3288e-02	6.7430e-01
3.3324e-02	6.7400e-01
3.3360e-02	6.7367e-01
3.3396e-02	6.7334e-01
3.3432e-02	6.7298e-01
3.3468e-02	6.7262e-01
3.3504e-02	6.7223e-01
3.3540e-02	6.7183e-01
3.3576e-02	6.7142e-01
3.3613e-02	6.7099e-01
3.3649e-02	6.7055e-01
3.3685e-02	6.7009e-01
3.3722e-02	6.6961e-01
3.3759e-02	6.6912e-01
3.3795e-02	6.6862e-01
3.3832e-02	6.6810e-01
3.3869e-02	6.6757e-01
3.3906e-02	6.6702e-01
3.3943e-02	6.6646e-01
3.3980e-02	6.6588e-01
3.4018e-02	6.6529e-01
3.4055e-02	6.6468e-01
3.4092e-02	6.6406e-01
3.4130e-02	6.6343e-01
3.4167e-02	6.6278e-01
3.4205e-02	6.6212e-01
3.4243e-02	6.6145e-01
3.4280e-02	6.6076e-01
3.4318e-02	6.6006e-01
3.4356e-02	6.5934e-01
3.4394e-02	6.5861e-01
3.4432e-02	6.5787e-01
3.4471e-02	6.5711e-01
3.4509e-02	6.5635e-01
3.4547e-02	6.5556e-01
3.4586e-02	6.5477e-01
3.4624e-02	6.5396e-01
3.4663e-02	6.5314e-01
3.4702e-02	6.5231e-01
3.4741e-02	6.5147e-01
3.4779e-02	6.5061e-01
3.4818e-02	6.4974e-01
3.4857e-02	6.4886e-01
3.4897e-02	6.4796e-01
3.4936e-02	6.4705e-01
3.4975e-02	6.4613e-01
3.5015e-02	6.4520e-01
3.5054e-02	6.4426e-01
3.5094e-02	6.4330e-01
3.5134e-02	6.4234e-01
3.5173e-02	6.4136e-01
3.5213e-02	6.4037e-01
3.5253e-02	6.3936e-01
3.5293e-02	6.3835e-01
3.5333e-02	6.3732e-01
3.5374e-02	6.3628e-01
3.5414e-02	6.3523e-01
3.5454e-02	6.3417e-01
3.5495e-02	6.3310e-01
3.5535e-02	6.3201e-01
3.5576e-02	6.3092e-01
3.5617e-02	6.2981e-01
3.5658e-02	6.2869e-01
3.5699e-02	6.2756e-01
3.5740e-02	6.2642e-01
3.5781e-02	6.2527e-01
3.5822e-02	6.2410e-01
3.5864e-02	6.2293e-01
3.5905e-02	6.2174e-01
3.5947e-02	6.2054e-01
3.5988e-02	6.1933e-01
3.6030e-02	6.1811e-01
3.6072e-02	6.1688e-01
3.6114e-02	6.1564e-01
3.6156e-02	6.1439e-01
3.6198e-02	6.1312e-01
3.6240e-02	6.1185e-01
3.6283e-02	6.1056e-01
3.6325e-02	6.0926e-01
3.6368e-02	6.0795e-01
3.6410e-02	6.0663e-01
3.6453e-02	6.0530e-01
3.6496e-02	6.0396e-01
3.6539e-02	6.0260e-01
3.6582e-02	6.0124e-01
3.6625e-02	5.9986e-01
3.6668e-02	5.9848e-01
3.6712e-02	5.9708e-01
3.6755e-02	5.9567e-01
3.6799e-02	5.9425e-01
3.6842e-02	5.9282e-01
3.6886e-02	5.9138e-01
3.6930e-02	5.8992e-01
3.6974e-02	5.8846e-01
3.7018e-02	5.8698e-01
3.7062e-02	5.8550e-01
3.7106e-02	5.8400e-01
3.7151e-02	5.8249e-01
3.7195e-02	5.8097e-01
3.7240e-02	5.7944e-01
3.7285e-02	5.7790e-01
3.7329e-02	5.7635e-01
3.7374e-02	5.7479e-01
3.7419e-02	5.7321e-01
3.7464e-02	5.7163e-01
3.7510e-02	5.7003e-01
3.7555e-02	5.6842e-01
3.7600e-02	5.6680e-01
3.7646e-02	5.6518e-01
3.7692e-02	5.6353e-01
3.7738e-02	5.6188e-01
3.7783e-02	5.6022e-01
3.7829e-02	5.5855e-01
3.7876e-02	5.5686e-01
3.7922e-02	5.5517e-01
3.7968e-02	5.5346e-01
3.8015e-02	5.5175e-01
3.8061e-02	5.5002e-01
3.8108e-02	5.4828e-01
3.8155e-02	5.4653e-01
3.8202e-02	5.4477e-01
3.8249e-02	5.4300e-01
3.8296e-02	5.4122e-01
3.8343e-02	5.3943e-01
3.8391e-02	5.3763e-01
3.8438e-02	5.3582e-01
3.8486e-02	5.3400e-01
3.8533e-02	5.3217e-01
3.8581e-02	5.3032e-01
3.8629e-02	5.2847e-01
3.8677e-02	5.2661e-01
3.8726e-02	5.2474e-01
3.8774e-02	5.2285e-01
3.8822e-02	5.2096e-01
3.8871e-02	5.1906e-01
3.8920e-02	5.1715e-01
3.8969e-02	5.1523e-01
3.9018e-02	5.1330e-01
3.9067e-02	5.1137e-01
3.9116e-02	5.0942e-01
3.9165e-02	5.0747e-01
3.9215e-02	5.0550e-01
3.9264e-02	5.0353e-01
3.9314e-02	5.0156e-01
3.9364e-02	4.9957e-01
3.9414e-02	4.9758e-01
3.9464e-02	4.9557e-01
3.9514e-02	4.9357e-01
3.9564e-02	4.9155e-01
3.9615e-02	4.8953e-01
3.9665e-02	4.8751e-01
3.9716e-02	4.8547e-01
3.9767e-02	4.8344e-01
3.9818e-02	4.8140e-01
3.9869e-02	4.7935e-01
3.9920e-02	4.7730e-01
3.9972e-02	4.7524e-01
4.0023e-02	4.7319e-01
4.0075e-02	4.7113e-01
4.0127e-02	4.6907e-01
4.0179e-02	4.6700e-01
4.0231e-02	4.6494e-01
4.0283e-02	4.6287e-01
4.0335e-02	4.6080e-01
4.0387e-02	4.5874e-01
4.0440e-02	4.5668e-01
4.0493e-02	4.5461e-01
4.0546e-02	4.5255e-01
4.0599e-02	4.5050e-01
4.0652e-02	4.4844e-01
4.0705e-02	4.4639e-01
4.0759e-02	4.4435e-01
4.0812e-02	4.4231e-01
4.0866e-02	4.4028e-01
4.0920e-02	4.3826e-01
4.0974e-02	4.3624e-01
4.1028e-02	4.3424e-01
4.1082e-02	4.3224e-01
4.1136e-02	4.3025e-01
4.1191e-02	4.2828e-01
4.1246e-02	4.2632e-01
4.1301e-02	4.2437e-01
4.1355e-02	4.2244e-01
4.1411e-02	4.2052e-01
4.1466e-02	4.1862e-01
4.1521e-02	4.1674e-01
4.1577e-02	4.1487e-01
4.1633e-02	4.1303e-01
4.1689e-02	4.1120e-01
4.1745e-02	4.0940e-01
4.1801e-02	4.0761e-01
4.1857e-02	4.0585e-01
4.1914e-02	4.0412e-01
4.1970e-02	4.0240e-01
4.2027e-02	4.0072e-01
4.2084e-02	3.9906e-01
4.2141e-02	3.9742e-01
4.2198e-02	3.9582e-01
4.2256e-02	3.9424e-01
4.2313e-02	3.9270e-01
4.2371e-02	3.9118e-01
4.2429e-02	3.8970e-01
4.2487e-02	3.8825e-01
4.2545e-02	3.8683e-01
4.2604e-02	3.8544e-01
4.2662e-02	3.8409e-01
4.2721e-02	3.8277e-01
4.2780e-02	3.8149e-01
4.2839e-02	3.8024e-01
4.2898e-02	3.7903e-01
4.2957e-02	3.7786e-01
4.3017e-02	3.7672e-01
4.3076e-02	3.7562e-01
4.3136e-02	3.7455e-01
4.3196e-02	3.7352e-01
4.3256e-02	3.7254e-01
4.3317e-02	3.7159e-01
4.3377e-02	3.7067e-01
4.3438e-02	3.6980e-01
4.3499e-02	3.6896e-01
4.3560e-02	3.6816e-01
4.3621e-02	3.6740e-01
4.3682e-02	3.6668e-01
4.3744e-02	3.6600e-01
4.3805e-02	3.6535e-01
4.3867e-02	3.6475e-01
4.3929e-02	3.6418e-01
4.3991e-02	3.6364e-01
4.4054e-02	3.6315e-01
4.4116e-02	3.6269e-01
4.4179e-02	3.6227e-01
4.4242e-02	3.6188e-01
4.4305e-02	3.6154e-01
4.4369e-02	3.6122e-01
4.4432e-02	3.6094e-01
4.4496e-02	3.6070e-01
4.4559e-02	3.6049e-01
4.4624e-02	3.6031e-01
4.4688e-02	3.6017e-01
4.4752e-02	3.6006e-01
4.4817e-02	3.5999e-01
4.4881e-02	3.5994e-01
4.4946e-02	3.5993e-01
4.5012e-02	3.5994e-01
4.5077e-02	3.5999e-01
4.5142e-02	3.6007e-01
4.5208e-02	3.6017e-01
4.5274e-02	3.6031e-01
4.5340e-02	3.6047e-01
4.5406e-02	3.6066e-01
4.5473e-02	3.6088e-01
4.5540e-02	3.6112e-01
4.5606e-02	3.6138e-01
4.5673e-02	3.6167e-01
4.5741e-02	3.6199e-01
4.5808e-02	3.6232e-01
4.5876e-02	3.6268e-01
4.5944e-02	3.6306e-01
4.6012e-02	3.6347e-01
4.6080e-02	3.6389e-01
4.6149e-02	3.6433e-01
4.6217e-02	3.6479e-01
4.6286e-02	3.6527e-01
4.6355e-02	3.6576e-01
4.6424e-02	3.6627e-01
4.6494e-02	3.6680e-01
4.6564e-02	3.6734e-01
4.6634e-02	3.6790e-01
4.6704e-02	3.6846e-01
4.6774e-02	3.6905e-01
4.6845e-02	3.6964e-01
4.6915e-02	3.7024e-01
4.6986e-02	3.7085e-01
4.7057e-02	3.7148e-01
4.7129e-02	3.7211e-01
4.7201e-02	3.7275e-01
4.7272e-02	3.7339e-01
4.7344e-02	3.7404e-01
4.7417e-02	3.7470e-01
4.7489e-02	3.7536e-01
4.7562e-02	3.7603e-01
4.7635e-02	3.7670e-01
4.7708e-02	3.7737e-01
4.7781e-02	3.7804e-01
4.7855e-02	3.7872e-01
4.7929e-02	3.7939e-01
4.8003e-02	3.8006e-01
4.8077e-02	3.8074e-01
4.8152e-02	3.8141e-01
4.8227e-02	3.8208e-01
4.8302e-02	3.8275e-01
4.8377e-02	3.8341e-01
4.8452e-02	3.8407e-01
4.8528e-02	3.8473e-01
4.8604e-02	3.8538e-01
4.8680e-02	3.8603e-01
4.8757e-02	3.8667e-01
4.8833e-02	3.8730e-01
4.8910e-02	3.8793e-01
4.8987e-02	3.8856e-01
4.9065e-02	3.8917e-01
4.9142e-02	3.8978e-01
4.9220e-02	3.9039e-01
4.9298e-02	3.9099e-01
4.9377e-02	3.9158e-01
4.9455e-02	3.9216e-01
4.9534e-02	3.9274e-01
4.9613e-02	3.9331e-01
4.9693e-02	3.9387e-01
4.9772e-02	3.9443e-01
4.9852e-02	3.9498e-01
4.9932e-02	3.9552e-01
5.0013e-02	3.9606e-01
5.0093e-02	3.9660e-01
5.0174e-02	3.9712e-01
5.0256e-02	3.9765e-01
5.0337e-02	3.9817e-01
5.0419e-02	3.9869e-01
5.0501e-02	3.9920e-01
5.0583e-02	3.9972e-01
5.0665e-02	4.0023e-01
5.0748e-02	4.0074e-01
5.0831e-02	4.0125e-01
5.0915e-02	4.0176e-01
5.0998e-02	4.0227e-01
5.1082e-02	4.0279e-01
5.1166e-02	4.0331e-01
5.1251e-02	4.0383e-01
5.1335e-02	4.0435e-01
5.1420e-02	4.0489e-01
5.1506e-02	4.0542e-01
5.1591e-02	4.0597e-01
5.1677e-02	4.0652e-01
5.1763e-02	4.0708e-01
5.1850e-02	4.0766e-01
5.1936e-02	4.0824e-01
5.2023e-02	4.0883e-01
5.2111e-02	4.0944e-01
5.2198e-02	4.1006e-01
5.2286e-02	4.1069e-01
5.2374e-02	4.1134e-01
5.2463e-02	4.1201e-01
5.2551e-02	4.1269e-01
5.2641e-02	4.1339e-01
5.2730e-02	4.1410e-01
5.2820e-02	4.1484e-01
5.2910e-02	4.1560e-01
5.3000e-02	4.1637e-01
5.3090e-02	4.1717e-01
5.3181e-02	4.1798e-01
5.3273e-02	4.1882e-01
5.3364e-02	4.1969e-01
5.3456e-02	4.2057e-01
5.3548e-02	4.2148e-01
5.3641e-02	4.2241e-01
5.3733e-02	4.2337e-01
5.3827e-02	4.2435e-01
5.3920e-02	4.2536e-01
5.4014e-02	4.2639e-01
5.4108e-02	4.2745e-01
5.4202e-02	4.2853e-01
5.4297e-02	4.2965e-01
5.4392e-02	4.3078e-01
5.4488e-02	4.3195e-01
5.4583e-02	4.3314e-01
5.4679e-02	4.3435e-01
5.4776e-02	4.3560e-01
5.4873e-02	4.3687e-01
5.4970e-02	4.3817e-01
5.5067e-02	4.3949e-01
5.5165e-02	4.4084e-01
5.5263e-02	4.4222e-01
5.5362e-02	4.4363e-01
5.5461e-02	4.4506e-01
5.5560e-02	4.4652e-01
5.5659e-02	4.4800e-01
5.5759e-02	4.4951e-01
5.5860e-02	4.5105e-01
5.5960e-02	4.5261e-01
5.6061e-02	4.5420e-01
5.6163e-02	4.5582e-01
5.6264e-02	4.5746e-01
5.6366e-02	4.5912e-01
5.6469e-02	4.6081e-01
5.6572e-02	4.6252e-01
5.6675e-02	4.6425e-01
5.6779e-02	4.6601e-01
5.6883e-02	4.6780e-01
5.6987e-02	4.6960e-01
5.7092e-02	4.7143e-01
5.7197e-02	4.7328e-01
5.7302e-02	4.7515e-01
5.7408e-02	4.7704e-01
5.7515e-02	4.7895e-01
5.7621e-02	4.8089e-01
5.7728e-02	4.8284e-01
5.7836e-02	4.8482e-01
5.7944e-02	4.8681e-01
5.8052e-02	4.8882e-01
5.8161e-02	4.9085e-01
5.8270e-02	4.9290e-01
5.8379e-02	4.9496e-01
5.8489e-02	4.9705e-01
5.8600e-02	4.9915e-01
5.8711e-02	5.0126e-01
5.8822e-02	5.0340e-01
5.8933e-02	5.0554e-01
5.9045e-02	5.0771e-01
5.9158e-02	5.0988e-01
5.9271e-02	5.1207e-01
5.9384e-02	5.1428e-01
5.9498e-02	5.1650e-01
5.9612e-02	5.1873e-01
5.9727e-02	5.2098e-01
5.9842e-02	5.2323e-01
5.9957e-02	5.2550e-01
6.0073e-02	5.2778e-01
6.0190e-02	5.3007e-01
6.0307e-02	5.3238e-01
6.0424e-02	5.3469e-01
6.0542e-02	5.3701e-01
6.0660e-02	5.3935e-01
6.0779e-02	5.4169e-01
6.0898e-02	5.4404e-01
6.1017e-02	5.4640e-01
6.1138e-02	5.4877e-01
6.1258e-02	5.5114e-01
6.1379e-02	5.5353e-01
6.1501e-02	5.5592e-01
6.1623e-02	5.5832e-01
6.1745e-02	5.6073e-01
6.1868e-02	5.6314e-01
6.1992e-02	5.6556e-01
6.2116e-02	5.6798e-01
6.2240e-02	5.7041e-01
6.2365e-02	5.7285e-01
6.2491e-02	5.7529e-01
6.2617e-02	5.7774e-01
6.2743e-02	5.8020e-01
6.2870e-02	5.8265e-01
6.2998e-02	5.8512e-01
6.3126e-02	5.8759e-01
6.3254e-02	5.9006e-01
6.3383e-02	5.9254e-01
6.3513e-02	5.9502e-01
6.3643e-02	5.9750e-01
6.3774e-02	5.9999e-01
6.3905e-02	6.0249e-01
6.4037e-02	6.0499e-01
6.4169e-02	6.0749e-01
6.4302e-02	6.1000e-01
6.4435e-02	6.1251e-01
6.4569e-02	6.1502e-01
6.4704e-02	6.1754e-01
6.4839e-02	6.2006e-01
6.4975e-02	6.2259e-01
6.5111e-02	6.2512e-01
6.5248e-02	6.2766e-01
6.5385e-02	6.3020e-01
6.5523e-02	6.3275e-01
6.5661e-02	6.3530e-01
6.5800e-02	6.3786e-01
6.5940e-02	6.4042e-01
6.6080e-02	6.4299e-01
6.6221e-02	6.4557e-01
6.6363e-02	6.4815e-01
6.6505e-02	6.5074e-01
6.6648e-02	6.5334e-01
6.6791e-02	6.5594e-01
6.6935e-02	6.5856e-01
6.7080e-02	6.6118e-01
6.7225e-02	6.6381e-01
6.7371e-02	6.6645e-01
6.7517e-02	6.6911e-01
6.7664e-02	6.7177e-01
6.7812e-02	6.7445e-01
6.7960e-02	6.7714e-01
6.8109e-02	6.7984e-01
6.8259e-02	6.8256e-01
6.8409e-02	6.8530e-01
6.8560e-02	6.8805e-01
6.8712e-02	6.9082e-01
6.8864e-02	6.9360e-01
6.9017e-02	6.9641e-01
6.9171e-02	6.9924e-01
6.9325e-02	7.0210e-01
6.9481e-02	7.0498e-01
6.9636e-02	7.0788e-01
6.9793e-02	7.1081e-01
6.9950e-02	7.1377e-01
7.0108e-02	7.1676e-01
7.0267e-02	7.1979e-01
7.0426e-02	7.2285e-01
7.0586e-02	7.2595e-01
7.0747e-02	7.2909e-01
7.0908e-02	7.3227e-01
7.1070e-02	7.3550e-01
7.1233e-02	7.3877e-01
7.1397e-02	7.4209e-01
7.1562e-02	7.4547e-01
7.1727e-02	7.4891e-01
7.1893e-02	7.5240e-01
7.2060e-02	7.5597e-01
7.2227e-02	7.5959e-01
7.2396e-02	7.6330e-01
7.2565e-02	7.6707e-01
7.2735e-02	7.7093e-01
7.2906e-02	7.7488e-01
7.3077e-02	7.7892e-01
7.3249e-02	7.8306e-01
7.3423e-02	7.8730e-01
7.3597e-02	7.9165e-01
7.3771e-02	7.9611e-01
7.3947e-02	8.0070e-01
7.4124e-02	8.0542e-01
7.4301e-02	8.1029e-01
7.4479e-02	8.1530e-01
7.4658e-02	8.2046e-01
7.4838e-02	8.2579e-01
7.5019e-02	8.3131e-01
7.5200e-02	8.3700e-01
7.5383e-02	8.4290e-01
7.5566e-02	8.4901e-01
7.5751e-02	8.5535e-01
7.5936e-02	8.6193e-01
7.6122e-02	8.6876e-01
7.6309e-02	8.7586e-01
7.6497e-02	8.8324e-01
7.6686e-02	8.9094e-01
7.6876e-02	8.9896e-01
7.7066e-02	9.0732e-01
7.7258e-02	9.1605e-01
7.7451e-02	9.2517e-01
7.7644e-02	9.3471e-01
7.7839e-02	9.4469e-01
7.8035e-02	9.5514e-01
7.8231e-02	9.6608e-01
7.8429e-02	9.7756e-01
7.8627e-02	9.8959e-01
7.8827e-02	1.0022e+00
7.9027e-02	1.0155e+00
7.9229e-02	1.0295e+00
7.9432e-02	1.0441e+00
7.9635e-02	1.0595e+00
7.9840e-02	1.0758e+00
8.0046e-02	1.0929e+00
8.0253e-02	1.1109e+00
8.0460e-02	1.1298e+00
8.0669e-02	1.1498e+00
8.0880e-02	1.1708e+00
8.1091e-02	1.1930e+00
8.1303e-02	1.2163e+00
8.1516e-02	1.2409e+00
8.1731e-02	1.2668e+00
8.1947e-02	1.2940e+00
8.2163e-02	1.3226e+00
8.2381e-02	1.3527e+00
8.2600e-02	1.3842e+00
8.2821e-02	1.4173e+00
8.3042e-02	1.4519e+00
8.3265e-02	1.4881e+00
8.3489e-02	1.5258e+00
8.3714e-02	1.5651e+00
8.3940e-02	1.6058e+00
8.4167e-02	1.6480e+00
8.4396e-02	1.6914e+00
8.4626e-02	1.7361e+00
8.4857e-02	1.7817e+00
8.5090e-02	1.8282e+00
8.5323e-02	1.8752e+00
8.5558e-02	1.9226e+00
8.5795e-02	1.9699e+00
8.6032e-02	2.0169e+00
8.6271e-02	2.0632e+00
8.6512e-02	2.1085e+00
8.6753e-02	2.1523e+00
8.6996e-02	2.1942e+00
8.7241e-02	2.2340e+00
8.7486e-02	2.2712e+00
8.7734e-02	2.3055e+00
8.7982e-02	2.3366e+00
8.8232e-02	2.3643e+00
8.8483e-02	2.3882e+00
8.8736e-02	2.4081e+00
8.8991e-02	2.4240e+00
8.9246e-02	2.4357e+00
8.9503e-02	2.4439e+00
8.9762e-02	2.4514e+00
9.0022e-02	2.4661e+00
9.0284e-02	2.4994e+00
9.0547e-02	2.5419e+00
9.0812e-02	2.5714e+00
9.1078e-02	2.5879e+00
9.1346e-02	2.6010e+00
9.1616e-02	2.6182e+00
9.1887e-02	2.6415e+00
9.2159e-02	2.6579e+00
9.2434e-02	2.6485e+00
9.2709e-02	2.6234e+00
9.2987e-02	2.5982e+00
9.3266e-02	2.5768e+00
9.3547e-02	2.5580e+00
9.3830e-02	2.5409e+00
9.4114e-02	2.5248e+00
9.4400e-02	2.5094e+00
9.4688e-02	2.4944e+00
9.4978e-02	2.4797e+00
9.5269e-02	2.4654e+00
9.5562e-02	2.4513e+00
9.5857e-02	2.4374e+00
9.6154e-02	2.4238e+00
9.6452e-02	2.4104e+00
9.6753e-02	2.3973e+00
9.7055e-02	2.3844e+00
9.7359e-02	2.3717e+00
9.7666e-02	2.3592e+00
9.7974e-02	2.3469e+00
9.8284e-02	2.3349e+00
9.8596e-02	2.3231e+00
9.8910e-02	2.3115e+00
9.9226e-02	2.3001e+00
9.9544e-02	2.2889e+00
9.9864e-02	2.2779e+00
1.0019e-01	2.2672e+00
1.0051e-01	2.2566e+00
1.0084e-01	2.2463e+00
1.0116e-01	2.2361e+00
1.0150e-01	2.2261e+00
1.0183e-01	2.2163e+00
1.0216e-01	2.2066e+00
1.0250e-01	2.1972e+00
1.0284e-01	2.1879e+00
1.0318e-01	2.1787e+00
1.0353e-01	2.1697e+00
1.0387e-01	2.1608e+00
1.0422e-01	2.1521e+00
1.0457e-01	2.1435e+00
1.0492e-01	2.1350e+00
1.0528e-01	2.1267e+00
1.0564e-01	2.1185e+00
1.0600e-01	2.1103e+00
1.0636e-01	2.1023e+00
1.0673e-01	2.0944e+00
1.0710e-01	2.0865e+00
1.0747e-01	2.0788e+00
1.0784e-01	2.0711e+00
1.0821e-01	2.0635e+00
1.0859e-01	2.0560e+00
1.0897e-01	2.0486e+00
1.0936e-01	2.0412e+00
1.0974e-01	2.0338e+00
1.1013e-01	2.0266e+00
1.1053e-01	2.0193e+00
1.1092e-01	2.0121e+00
1.1132e-01	2.0050e+00
1.1172e-01	1.9978e+00
1.1212e-01	1.9908e+00
1.1253e-01	1.9837e+00
1.1294e-01	1.9767e+00
1.1335e-01	1.9696e+00
1.1376e-01	1.9626e+00
1.1418e-01	1.9556e+00
1.1460e-01	1.9486e+00
1.1503e-01	1.9416e+00
1.1546e-01	1.9347e+00
1.1589e-01	1.9277e+00
1.1632e-01	1.9207e+00
1.1676e-01	1.9137e+00
1.1720e-01	1.9066e+00
1.1764e-01	1.8996e+00
1.1809e-01	1.8926e+00
1.1854e-01	1.8855e+00
1.1899e-01	1.8784e+00
1.1945e-01	1.8712e+00
1.1991e-01	1.8641e+00
1.2038e-01	1.8569e+00
1.2085e-01	1.8497e+00
1.2132e-01	1.8424e+00
1.2179e-01	1.8351e+00
1.2227e-01	1.8277e+00
1.2276e-01	1.8203e+00
1.2324e-01	1.8128e+00
1.2373e-01	1.8053e+00
1.2423e-01	1.7977e+00
1.2473e-01	1.7901e+00
1.2523e-01	1.7824e+00
1.2574e-01	1.7746e+00
1.2625e-01	1.7668e+00
1.2677e-01	1.7589e+00
1.2728e-01	1.7509e+00
1.2781e-01	1.7429e+00
1.2834e-01	1.7347e+00
1.2887e-01	1.7265e+00
1.2941e-01	1.7182e+00
1.2995e-01	1.7098e+00
1.3049e-01	1.7013e+00
1.3104e-01	1.6927e+00
1.3160e-01	1.6840e+00
1.3216e-01	1.6752e+00
1.3272e-01	1.6663e+00
1.3329e-01	1.6573e+00
1.3387e-01	1.6482e+00
1.3445e-01	1.6390e+00
1.3503e-01	1.6296e+00
1.3562e-01	1.6201e+00
1.3622e-01	1.6105e+00
1.3682e-01	1.6007e+00
1.3742e-01	1.5908e+00
1.3803e-01	1.5808e+00
1.3865e-01	1.5706e+00
1.3927e-01	1.5603e+00
1.3990e-01	1.5498e+00
1.4053e-01	1.5391e+00
1.4117e-01	1.5283e+00
1.4181e-01	1.5173e+00
1.4246e-01	1.5061e+00
1.4312e-01	1.4947e+00
1.4378e-01	1.4832e+00
1.4445e-01	1.4715e+00
1.4513e-01	1.4595e+00
1.4581e-01	1.4473e+00
1.4650e-01	1.4350e+00
1.4719e-01	1.4224e+00
1.4789e-01	1.4096e+00
1.4860e-01	1.3965e+00
1.4931e-01	1.3833e+00
1.5004e-01	1.3697e+00
1.5076e-01	1.3559e+00
1.5150e-01	1.3419e+00
1.5224e-01	1.3276e+00
1.5299e-01	1.3130e+00
1.5375e-01	1.2982e+00
1.5451e-01	1.2831e+00
1.5529e-01	1.2677e+00
1.5607e-01	1.2520e+00
1.5685e-01	1.2361e+00
1.5765e-01	1.2198e+00
1.5846e-01	1.2033e+00
1.5927e-01	1.1865e+00
1.6009e-01	1.1695e+00
1.6092e-01	1.1521e+00
1.6176e-01	1.1346e+00
1.6260e-01	1.1168e+00
1.6346e-01	1.0988e+00
1.6432e-01	1.0807e+00
1.6520e-01	1.0624e+00
1.6608e-01	1.0441e+00
1.6697e-01	1.0257e+00
1.6788e-01	1.0074e+00
1.6879e-01	9.8914e-01
1.6971e-01	9.7110e-01
1.7064e-01	9.5335e-01
1.7159e-01	9.3598e-01
1.7254e-01	9.1909e-01
1.7350e-01	9.0280e-01
1.7448e-01	8.8722e-01
1.7546e-01	8.7244e-01
1.7646e-01	8.5858e-01
1.7747e-01	8.4571e-01
1.7849e-01	8.3393e-01
1.7952e-01	8.2330e-01
1.8056e-01	8.1386e-01
1.8162e-01	8.0565e-01
1.8269e-01	7.9869e-01
1.8377e-01	7.9299e-01
1.8486e-01	7.8853e-01
1.8597e-01	7.8531e-01
1.8709e-01	7.8329e-01
1.8822e-01	7.8246e-01
1.8937e-01	7.8276e-01
1.9053e-01	7.8418e-01
1.9171e-01	7.8667e-01
1.9290e-01	7.9019e-01
1.9411e-01	7.9472e-01
1.9533e-01	8.0021e-01
1.9656e-01	8.0664e-01
1.9782e-01	8.1397e-01
1.9908e-01	8.2219e-01
2.0037e-01	8.3127e-01
2.0167e-01	8.4119e-01
2.0299e-01	8.5195e-01
2.0432e-01	8.6354e-01
2.0568e-01	8.7594e-01
2.0705e-01	8.8917e-01
2.0844e-01	9.0324e-01
2.0984e-01	9.1815e-01
2.1127e-01	9.3392e-01
2.1272e-01	9.5059e-01
2.1419e-01	9.6818e-01
2.1567e-01	9.8672e-01
2.1718e-01	1.0063e+00
2.1871e-01	1.0269e+00
2.2026e-01	1.0486e+00
2.2183e-01	1.0715e+00
2.2343e-01	1.0956e+00
2.2505e-01	1.1211e+00
2.2669e-01	1.1479e+00
2.2836e-01	1.1763e+00
2.3005e-01	1.2062e+00
2.3177e-01	1.2378e+00
2.3351e-01	1.2711e+00
2.3528e-01	1.3064e+00
2.3707e-01	1.3436e+00
2.3890e-01	1.3829e+00
2.4075e-01	1.4244e+00
2.4263e-01	1.4681e+00
2.4454e-01	1.5141e+00
2.4648e-01	1.5626e+00
2.4845e-01	1.6134e+00
2.5046e-01	1.6667e+00
2.5249e-01	1.7224e+00
2.5456e-01	1.7804e+00
2.5667e-01	1.8407e+00
2.5881e-01	1.9030e+00
2.6098e-01	1.9670e+00
2.6319e-01	2.0326e+00
2.6544e-01	2.0992e+00
2.6773e-01	2.1664e+00
2.7006e-01	2.2336e+00
2.7243e-01	2.3003e+00
2.7484e-01	2.3658e+00
2.7729e-01	2.4294e+00
2.7979e-01	2.4905e+00
2.8233e-01	2.5483e+00
2.8492e-01	2.6023e+00
2.8756e-01	2.6519e+00
2.9025e-01	2.6968e+00
2.9299e-01	2.7366e+00
2.9578e-01	2.7712e+00
2.9862e-01	2.8005e+00
3.0152e-01	2.8246e+00
3.0447e-01	2.8436e+00
3.0749e-01	2.8578e+00
3.1056e-01	2.8675e+00
3.1370e-01	2.8732e+00
3.1690e-01	2.8751e+00
3.2017e-01	2.8738e+00
3.2350e-01	2.8697e+00
3.2691e-01	2.8631e+00
3.3039e-01	2.8544e+00
3.3394e-01	2.8441e+00
3.3757e-01	2.8324e+00
3.4128e-01	2.8197e+00
3.4507e-01	2.8062e+00
3.4895e-01	2.7922e+00
3.5291e-01	2.7779e+00
3.5697e-01	2.7635e+00
3.6112e-01	2.7492e+00
3.6537e-01	2.7352e+00
3.6971e-01	2.7216e+00
3.7417e-01	2.7084e+00
3.7873e-01	2.6959e+00
3.8341e-01	2.6841e+00
3.8820e-01	2.6730e+00
3.9311e-01	2.6629e+00
3.9815e-01	2.6536e+00
4.0332e-01	2.6453e+00
4.0863e-01	2.6380e+00
4.1408e-01	2.6318e+00
4.1967e-01	2.6266e+00
4.2542e-01	2.6226e+00
4.3133e-01	2.6196e+00
4.3740e-01	2.6178e+00
4.4365e-01	2.6172e+00
4.5008e-01	2.6176e+00
4.5670e-01	2.6193e+00
4.6351e-01	2.6221e+00
4.7054e-01	2.6260e+00
4.7777e-01	2.6310e+00
4.8524e-01	2.6372e+00
4.9294e-01	2.6444e+00
5.0089e-01	2.6528e+00
5.0910e-01	2.6621e+00
5.1759e-01	2.6724e+00
5.2636e-01	2.6837e+00
5.3543e-01	2.6959e+00
5.4482e-01	2.7090e+00
5.5455e-01	2.7229e+00
5.6463e-01	2.7375e+00
5.7509e-01	2.7528e+00
5.8594e-01	2.7688e+00
5.9720e-01	2.7853e+00
6.0891e-01	2.8023e+00
6.2109e-01	2.8198e+00
6.3376e-01	2.8377e+00
6.4697e-01	2.8558e+00
6.6073e-01	2.8742e+00
6.7509e-01	2.8928e+00
6.9009e-01	2.9116e+00
7.0577e-01	2.9305e+00
7.2218e-01	2.9496e+00
7.3938e-01	2.9687e+00
7.5741e-01	2.9879e+00
7.7634e-01	3.0073e+00
7.9624e-01	3.0268e+00
8.1719e-01	3.0466e+00
8.3927e-01	3.0667e+00
8.6258e-01	3.0872e+00
8.8723e-01	3.1081e+00
9.1332e-01	3.1298e+00
9.4099e-01	3.1522e+00
9.7039e-01	3.1755e+00
1.0017e+00	3.2001e+00
1.0351e+00	3.2259e+00
1.0708e+00	3.2534e+00
1.1090e+00	3.2826e+00
1.1500e+00	3.3140e+00
1.1943e+00	3.3478e+00
1.2420e+00	3.3843e+00
1.2938e+00	3.4239e+00
1.3500e+00	3.4671e+00
1.4114e+00	3.5142e+00
1.4785e+00	3.5659e+00
1.5524e+00	3.6227e+00
1.6341e+00	3.6854e+00
1.7249e+00	3.7547e+00
1.8263e+00	3.8318e+00
1.9404e+00	3.9179e+00
2.0697e+00	4.0144e+00
2.2175e+00	4.1232e+00
2.3880e+00	4.2468e+00
2.5869e+00	4.3881e+00
2.8219e+00	4.5514e+00
3.1040e+00	4.7420e+00
3.4486e+00	4.9676e+00
3.8794e+00	5.2393e+00
4.4331e+00	5.5736e+00
5.1712e+00	5.9969e+00
6.2042e+00	6.5538e+00
7.7529e+00	7.3282e+00
1.0332e+01	8.4990e+00