3.962381051817478905e+00
4.008074503211958017e+00
4.053230101350418835e+00
4.098299279224544733e+00
4.143061511760128823e+00
4.187444778263211376e+00
4.231828044766293928e+00
4.275622236586942293e+00
4.319116557392187694e+00
4.362610878197432207e+00
4.405712007815892228e+00
4.448256514980459819e+00
4.490801022145028298e+00
4.533345529309596778e+00
4.575211728363802521e+00
4.616577867162462212e+00
4.657944005961122791e+00
4.699310144759783370e+00
4.740676283558443060e+00
4.780799341442903305e+00
4.820881305743423439e+00
4.860963270043943574e+00
4.901045234344463708e+00
4.941127198644982954e+00
4.980710568851495879e+00
5.019324064388986706e+00
5.057937559926477533e+00
5.096551055463968360e+00
5.135164551001459188e+00
5.173778046538950015e+00
5.212391542076440842e+00
5.250505228647355693e+00
5.287469915190204262e+00
5.324434601733053718e+00
5.361399288275903174e+00
5.398363974818751743e+00
5.435328661361601199e+00
5.472293347904449767e+00
5.509258034447299224e+00
5.546222720990147792e+00
5.582706938388415807e+00
5.617819154254304337e+00
5.652931370120192867e+00
5.688043585986081396e+00
5.723155801851969926e+00
5.758268017717858456e+00
5.793380233583746985e+00
5.828492449449634627e+00
5.863604665315523157e+00
5.898716881181411686e+00
