2.990492111368909356e+00
3.045750409583786844e+00
3.099260919333904241e+00
3.152490600922371655e+00
3.204782518403255676e+00
3.255916637740140285e+00
3.307050757077024450e+00
3.356671471665589213e+00
3.405521781020100391e+00
3.454372090374611570e+00
3.502229767260095716e+00
3.548682220581850011e+00
3.595134673903604305e+00
3.641587127225358600e+00
3.686585906720008410e+00
3.730513013188260452e+00
3.774440119656512493e+00
3.818367226124764535e+00
3.862294332593015689e+00
3.903668825138877363e+00
3.944958933753420105e+00
3.986249042367962847e+00
4.027539150982505589e+00
4.068829259597047887e+00
4.109167140393761741e+00
4.147652729615523448e+00
4.186138318837284267e+00
4.224623908059045085e+00
4.263109497280806792e+00
4.301595086502567611e+00
4.340080675724328430e+00
4.377659432832190056e+00
4.413153493197893518e+00
4.448647553563596091e+00
4.484141613929299552e+00
4.519635674295002126e+00
4.555129734660705587e+00
4.590623795026409049e+00
4.626117855392111622e+00
4.661611915757815083e+00
4.696275457393362274e+00
4.728567414956769355e+00
4.760859372520177324e+00
4.793151330083585293e+00
4.825443287646992374e+00
4.857735245210399455e+00
4.890027202773807424e+00
4.922319160337214505e+00
4.954611117900622475e+00
4.986903075464029556e+00
