# wl[um] n k
2.000000e+00 1.615200e+00 1.800000e-04
2.010033e+00 1.615045e+00 1.900000e-04
2.020067e+00 1.614888e+00 1.900000e-04
2.030100e+00 1.614724e+00 1.900000e-04
2.040134e+00 1.614562e+00 2.000000e-04
2.050167e+00 1.614402e+00 2.000000e-04
2.060201e+00 1.614240e+00 2.000000e-04
2.070234e+00 1.614078e+00 2.040591e-04
2.080268e+00 1.613913e+00 2.100000e-04
2.090301e+00 1.613750e+00 2.100000e-04
2.100334e+00 1.613579e+00 2.100000e-04
2.110368e+00 1.613409e+00 2.200000e-04
2.120401e+00 1.613241e+00 2.200000e-04
2.130435e+00 1.613074e+00 2.200000e-04
2.140468e+00 1.612909e+00 2.300000e-04
2.150502e+00 1.612736e+00 2.300000e-04
2.160535e+00 1.612564e+00 2.300000e-04
2.170569e+00 1.612393e+00 2.400000e-04
2.180602e+00 1.612219e+00 2.400000e-04
2.190635e+00 1.612047e+00 2.400000e-04
2.200669e+00 1.611870e+00 2.500000e-04
2.210702e+00 1.611696e+00 2.500000e-04
2.220736e+00 1.611520e+00 2.524659e-04
2.230769e+00 1.611341e+00 2.600000e-04
2.240803e+00 1.611167e+00 2.600000e-04
2.250836e+00 1.610988e+00 2.700000e-04
2.260870e+00 1.610803e+00 2.700000e-04
2.270903e+00 1.610625e+00 2.700000e-04
2.280936e+00 1.610442e+00 2.800000e-04
2.290970e+00 1.610260e+00 2.800000e-04
2.301003e+00 1.610079e+00 2.851573e-04
2.311037e+00 1.609891e+00 2.900000e-04
2.321070e+00 1.609704e+00 2.900000e-04
2.331104e+00 1.609518e+00 3.000000e-04
2.341137e+00 1.609334e+00 3.000000e-04
2.351171e+00 1.609145e+00 3.070161e-04
2.361204e+00 1.608959e+00 3.100000e-04
2.371237e+00 1.608772e+00 3.100000e-04
2.381271e+00 1.608574e+00 3.200000e-04
2.391304e+00 1.608388e+00 3.200000e-04
2.401338e+00 1.608194e+00 3.300000e-04
2.411371e+00 1.608000e+00 3.300000e-04
2.421405e+00 1.607808e+00 3.354046e-04
2.431438e+00 1.607610e+00 3.400000e-04
2.441472e+00 1.607419e+00 3.400000e-04
2.451505e+00 1.607219e+00 3.500000e-04
2.461538e+00 1.607021e+00 3.500000e-04
2.471572e+00 1.606825e+00 3.600000e-04
2.481605e+00 1.606621e+00 3.600000e-04
2.491639e+00 1.606428e+00 3.700000e-04
2.501672e+00 1.606227e+00 3.700000e-04
2.511706e+00 1.606020e+00 3.800000e-04
2.521739e+00 1.605819e+00 3.800000e-04
2.531773e+00 1.605613e+00 3.900000e-04
2.541806e+00 1.605408e+00 3.900000e-04
2.551839e+00 1.605204e+00 4.000000e-04
2.561873e+00 1.605001e+00 4.000000e-04
2.571906e+00 1.604792e+00 4.095711e-04
2.581940e+00 1.604583e+00 4.100000e-04
2.591973e+00 1.604371e+00 4.200000e-04
2.602007e+00 1.604160e+00 4.200000e-04
2.612040e+00 1.603955e+00 4.289382e-04
2.622074e+00 1.603737e+00 4.300000e-04
2.632107e+00 1.603529e+00 4.400000e-04
2.642140e+00 1.603312e+00 4.400000e-04
2.652174e+00 1.603097e+00 4.500000e-04
2.662207e+00 1.602884e+00 4.500000e-04
2.672241e+00 1.602668e+00 4.600000e-04
2.682274e+00 1.602453e+00 4.600000e-04
2.692308e+00 1.602234e+00 4.700000e-04
2.702341e+00 1.602009e+00 4.787710e-04
2.712375e+00 1.601792e+00 4.800000e-04
2.722408e+00 1.601571e+00 4.900000e-04
2.732441e+00 1.601346e+00 4.900000e-04
2.742475e+00 1.601125e+00 5.000000e-04
2.752508e+00 1.600906e+00 5.000000e-04
2.762542e+00 1.600677e+00 5.100000e-04
2.772575e+00 1.600448e+00 5.200000e-04
2.782609e+00 1.600231e+00 5.200000e-04
2.792642e+00 1.599995e+00 5.300000e-04
2.802676e+00 1.599770e+00 5.300000e-04
2.812709e+00 1.599538e+00 5.400000e-04
2.822742e+00 1.599313e+00 5.500000e-04
2.832776e+00 1.599077e+00 5.500000e-04
2.842809e+00 1.598849e+00 5.600000e-04
2.852843e+00 1.598616e+00 5.668086e-04
2.862876e+00 1.598380e+00 5.700000e-04
2.872910e+00 1.598146e+00 5.800000e-04
2.882943e+00 1.597912e+00 5.882977e-04
2.892977e+00 1.597673e+00 5.900000e-04
2.903010e+00 1.597434e+00 6.000000e-04
2.913043e+00 1.597197e+00 6.079159e-04
2.923077e+00 1.596954e+00 6.100000e-04
2.933110e+00 1.596717e+00 6.200000e-04
2.943144e+00 1.596475e+00 6.256758e-04
2.953177e+00 1.596234e+00 6.300000e-04
2.963211e+00 1.595991e+00 6.400000e-04
2.973244e+00 1.595745e+00 6.500000e-04
2.983278e+00 1.595500e+00 6.500000e-04
2.993311e+00 1.595248e+00 6.600000e-04
3.003344e+00 1.595007e+00 6.700000e-04
3.013378e+00 1.594757e+00 6.736582e-04
3.023411e+00 1.594509e+00 6.812059e-04
3.033445e+00 1.594253e+00 6.900000e-04
3.043478e+00 1.594009e+00 7.000000e-04
3.053512e+00 1.593753e+00 7.027123e-04
3.063545e+00 1.593504e+00 7.100000e-04
3.073579e+00 1.593248e+00 7.200000e-04
3.083612e+00 1.592994e+00 7.300000e-04
3.093645e+00 1.592731e+00 7.389177e-04
3.103679e+00 1.592480e+00 7.450362e-04
3.113712e+00 1.592220e+00 7.500000e-04
3.123746e+00 1.591962e+00 7.600000e-04
3.133779e+00 1.591703e+00 7.700000e-04
3.143813e+00 1.591441e+00 7.778803e-04
3.153846e+00 1.591178e+00 7.831562e-04
3.163880e+00 1.590917e+00 7.900000e-04
3.173913e+00 1.590654e+00 8.000000e-04
3.183946e+00 1.590389e+00 8.100000e-04
3.193980e+00 1.590120e+00 8.200000e-04
3.204013e+00 1.589857e+00 8.272832e-04
3.214047e+00 1.589590e+00 8.316388e-04
3.224080e+00 1.589316e+00 8.400000e-04
3.234114e+00 1.589051e+00 8.500000e-04
3.244147e+00 1.588778e+00 8.600000e-04
3.254181e+00 1.588507e+00 8.700000e-04
3.264214e+00 1.588236e+00 8.800000e-04
3.274247e+00 1.587959e+00 8.900000e-04
3.284281e+00 1.587684e+00 8.979836e-04
3.294314e+00 1.587406e+00 9.100000e-04
3.304348e+00 1.587130e+00 9.142056e-04
3.314381e+00 1.586855e+00 9.271100e-04
3.324415e+00 1.586572e+00 9.300000e-04
3.334448e+00 1.586297e+00 9.425127e-04
3.344482e+00 1.586015e+00 9.500000e-04
3.354515e+00 1.585734e+00 9.600000e-04
3.364548e+00 1.585455e+00 9.700000e-04
3.374582e+00 1.585168e+00 9.800000e-04
3.384615e+00 1.584883e+00 9.900000e-04
3.394649e+00 1.584599e+00 1.000000e-03
3.404682e+00 1.584307e+00 1.010000e-03
3.414716e+00 1.584018e+00 1.020000e-03
3.424749e+00 1.583737e+00 1.030190e-03
3.434783e+00 1.583440e+00 1.040000e-03
3.444816e+00 1.583152e+00 1.050000e-03
3.454849e+00 1.582857e+00 1.060000e-03
3.464883e+00 1.582564e+00 1.070000e-03
3.474916e+00 1.582272e+00 1.080000e-03
3.484950e+00 1.581976e+00 1.090000e-03
3.494983e+00 1.581684e+00 1.100000e-03
3.505017e+00 1.581387e+00 1.117366e-03
3.515050e+00 1.581084e+00 1.127729e-03
3.525084e+00 1.580788e+00 1.137971e-03
3.535117e+00 1.580489e+00 1.148094e-03
3.545151e+00 1.580188e+00 1.158109e-03
3.555184e+00 1.579880e+00 1.168008e-03
3.565217e+00 1.579583e+00 1.177810e-03
3.575251e+00 1.579278e+00 1.190000e-03
3.585284e+00 1.578967e+00 1.200000e-03
3.595318e+00 1.578666e+00 1.216514e-03
3.605351e+00 1.578356e+00 1.225860e-03
3.615385e+00 1.578048e+00 1.235095e-03
3.625418e+00 1.577738e+00 1.250000e-03
3.635452e+00 1.577424e+00 1.260000e-03
3.645485e+00 1.577113e+00 1.272204e-03
3.655518e+00 1.576803e+00 1.281025e-03
3.665552e+00 1.576484e+00 1.299743e-03
3.675585e+00 1.576168e+00 1.308362e-03
3.685619e+00 1.575853e+00 1.320000e-03
3.695652e+00 1.575540e+00 1.335297e-03
3.705686e+00 1.575219e+00 1.343610e-03
3.715719e+00 1.574899e+00 1.360000e-03
3.725753e+00 1.574581e+00 1.369950e-03
3.735786e+00 1.574257e+00 1.380000e-03
3.745819e+00 1.573934e+00 1.395889e-03
3.755853e+00 1.573613e+00 1.403722e-03
3.765886e+00 1.573284e+00 1.421455e-03
3.775920e+00 1.572957e+00 1.430000e-03
3.785953e+00 1.572634e+00 1.446637e-03
3.795987e+00 1.572302e+00 1.460000e-03
3.806020e+00 1.571972e+00 1.471448e-03
3.816054e+00 1.571644e+00 1.488732e-03
3.826087e+00 1.571312e+00 1.500000e-03
3.836120e+00 1.570980e+00 1.512989e-03
3.846154e+00 1.570650e+00 1.530006e-03
3.856187e+00 1.570312e+00 1.540000e-03
3.866221e+00 1.569975e+00 1.553730e-03
3.876254e+00 1.569641e+00 1.570472e-03
3.886288e+00 1.569300e+00 1.587127e-03
3.896321e+00 1.568963e+00 1.593686e-03
3.906355e+00 1.568626e+00 1.610171e-03
3.916388e+00 1.568282e+00 1.626560e-03
3.926421e+00 1.567940e+00 1.642871e-03
3.936455e+00 1.567590e+00 1.659103e-03
3.946488e+00 1.567250e+00 1.665246e-03
3.956522e+00 1.566901e+00 1.681311e-03
3.966555e+00 1.566557e+00 1.697301e-03
3.976589e+00 1.566209e+00 1.713205e-03
3.986622e+00 1.565861e+00 1.729027e-03
3.996656e+00 1.565505e+00 1.744766e-03
4.006689e+00 1.565150e+00 1.760434e-03
4.016722e+00 1.564802e+00 1.776019e-03
4.026756e+00 1.564445e+00 1.791532e-03
4.036789e+00 1.564090e+00 1.806957e-03
4.046823e+00 1.563737e+00 1.822310e-03
4.056856e+00 1.563378e+00 1.837593e-03
4.066890e+00 1.563023e+00 1.852794e-03
4.076923e+00 1.562660e+00 1.867926e-03
4.086957e+00 1.562299e+00 1.882974e-03
4.096990e+00 1.561939e+00 1.897958e-03
4.107023e+00 1.561571e+00 1.922864e-03
4.117057e+00 1.561208e+00 1.937694e-03
4.127090e+00 1.560841e+00 1.952464e-03
4.137124e+00 1.560481e+00 1.967155e-03
4.147157e+00 1.560106e+00 1.981769e-03
4.157191e+00 1.559742e+00 2.002650e-03
4.167224e+00 1.559369e+00 2.020797e-03
4.177258e+00 1.558995e+00 2.035211e-03
4.187291e+00 1.558621e+00 2.049559e-03
4.197324e+00 1.558251e+00 2.073822e-03
4.207358e+00 1.557873e+00 2.088031e-03
4.217391e+00 1.557502e+00 2.104330e-03
4.227425e+00 1.557122e+00 2.126230e-03
4.237458e+00 1.556744e+00 2.140234e-03
4.247492e+00 1.556363e+00 2.158342e-03
4.257525e+00 1.555983e+00 2.178046e-03
4.267559e+00 1.555598e+00 2.193700e-03
4.277592e+00 1.555213e+00 2.215590e-03
4.287625e+00 1.554830e+00 2.229272e-03
4.297659e+00 1.554447e+00 2.252877e-03
4.307692e+00 1.554054e+00 2.272854e-03
4.317726e+00 1.553672e+00 2.289914e-03
4.327759e+00 1.553280e+00 2.306665e-03
4.337793e+00 1.552886e+00 2.326692e-03
4.347826e+00 1.552500e+00 2.349990e-03
4.357860e+00 1.552103e+00 2.366472e-03
4.367893e+00 1.551708e+00 2.386413e-03
4.377926e+00 1.551314e+00 2.409076e-03
4.387960e+00 1.550912e+00 2.425188e-03
4.397993e+00 1.550517e+00 2.445586e-03
4.408027e+00 1.550116e+00 2.467053e-03
4.418060e+00 1.549716e+00 2.482814e-03
4.428094e+00 1.549315e+00 2.508453e-03
4.438127e+00 1.548906e+00 2.526989e-03
4.448161e+00 1.548509e+00 2.549394e-03
4.458194e+00 1.548095e+00 2.572342e-03
4.468227e+00 1.547692e+00 2.589868e-03
4.478261e+00 1.547283e+00 2.614940e-03
4.488294e+00 1.546871e+00 2.629956e-03
4.498328e+00 1.546461e+00 2.654760e-03
4.508361e+00 1.546049e+00 2.679487e-03
4.518395e+00 1.545637e+00 2.697052e-03
4.528428e+00 1.545223e+00 2.718628e-03
4.538462e+00 1.544807e+00 2.743038e-03
4.548495e+00 1.544385e+00 2.767355e-03
4.558528e+00 1.543968e+00 2.785774e-03
4.568562e+00 1.543546e+00 2.805640e-03
4.578595e+00 1.543126e+00 2.829630e-03
4.588629e+00 1.542707e+00 2.853485e-03
4.598662e+00 1.542279e+00 2.877263e-03
4.608696e+00 1.541853e+00 2.900931e-03
4.618729e+00 1.541429e+00 2.924505e-03
4.628763e+00 1.540997e+00 2.947973e-03
4.638796e+00 1.540575e+00 2.971336e-03
4.648829e+00 1.540143e+00 2.994600e-03
4.658863e+00 1.539706e+00 3.017763e-03
4.668896e+00 1.539274e+00 3.040817e-03
4.678930e+00 1.538838e+00 3.063782e-03
4.688963e+00 1.538403e+00 3.086659e-03
4.698997e+00 1.537971e+00 3.119138e-03
4.709030e+00 1.537529e+00 3.142095e-03
4.719064e+00 1.537089e+00 3.164672e-03
4.729097e+00 1.536647e+00 3.187144e-03
4.739130e+00 1.536204e+00 3.214300e-03
4.749164e+00 1.535763e+00 3.241827e-03
4.759197e+00 1.535312e+00 3.264027e-03
4.769231e+00 1.534867e+00 3.294194e-03
4.779264e+00 1.534418e+00 3.318145e-03
4.789298e+00 1.533969e+00 3.340090e-03
4.799331e+00 1.533520e+00 3.371888e-03
4.809365e+00 1.533064e+00 3.395419e-03
4.819398e+00 1.532610e+00 3.425249e-03
4.829431e+00 1.532157e+00 3.450219e-03
4.839465e+00 1.531702e+00 3.478271e-03
4.849498e+00 1.531243e+00 3.504469e-03
4.859532e+00 1.530785e+00 3.530936e-03
4.869565e+00 1.530323e+00 3.558213e-03
4.879599e+00 1.529858e+00 3.583253e-03
4.889632e+00 1.529396e+00 3.611408e-03
4.899666e+00 1.528935e+00 3.642822e-03
4.909699e+00 1.528468e+00 3.666073e-03
4.919732e+00 1.528001e+00 3.695261e-03
4.929766e+00 1.527527e+00 3.726280e-03
4.939799e+00 1.527062e+00 3.757195e-03
4.949833e+00 1.526591e+00 3.787955e-03
4.959866e+00 1.526112e+00 3.809076e-03
4.969900e+00 1.525633e+00 3.839147e-03
4.979933e+00 1.525157e+00 3.869555e-03
4.989967e+00 1.524683e+00 3.899839e-03
5.000000e+00 1.524200e+00 3.930000e-03
