0.211002	1.785916
0.212576	1.781681
0.214150	1.777640
0.215724	1.773780
0.217299	1.770087
0.218873	1.766550
0.220447	1.763159
0.222022	1.759904
0.223596	1.756776
0.225171	1.753769
0.226746	1.750874
0.228321	1.748085
0.229896	1.745395
0.231471	1.742800
0.233046	1.740294
0.234621	1.737872
0.236196	1.735530
0.237771	1.733263
0.239347	1.731069
0.240922	1.728943
0.242498	1.726882
0.244073	1.724884
0.245649	1.722944
0.247225	1.721062
0.248800	1.719233
0.250376	1.717456
0.251952	1.715729
0.253528	1.714048
0.255105	1.712414
0.256681	1.710823
0.258257	1.709274
0.259833	1.707765
0.261410	1.706295
0.262986	1.704862
0.264563	1.703465
0.266139	1.702103
0.267716	1.700773
0.269293	1.699476
0.270870	1.698210
0.272447	1.696973
0.274024	1.695766
0.275601	1.694586
0.277178	1.693433
0.278755	1.692306
0.280332	1.691205
0.281909	1.690127
0.283487	1.689074
0.285064	1.688043
0.286642	1.687034
0.288219	1.686047
0.289797	1.685080
0.291375	1.684134
0.292952	1.683207
0.294530	1.682300
0.296108	1.681410
0.297686	1.680539
0.299264	1.679685
0.300842	1.678848
0.302420	1.678027
0.303998	1.677222
0.305576	1.676433
0.307155	1.675659
0.308733	1.674899
0.310311	1.674154
0.311890	1.673423
0.313468	1.672705
0.315047	1.672001
0.316626	1.671309
0.318204	1.670630
0.319783	1.669963
0.321362	1.669308
0.322941	1.668664
0.324520	1.668032
0.326099	1.667411
0.327678	1.666801
0.329257	1.666201
0.330836	1.665612
0.332415	1.665032
0.333994	1.664462
0.335573	1.663902
0.337153	1.663351
0.338732	1.662810
0.340311	1.662277
0.341891	1.661752
0.343470	1.661237
0.345050	1.660729
0.346630	1.660230
0.348209	1.659739
0.349789	1.659255
0.351369	1.658779
0.352948	1.658311
0.354528	1.657850
0.356108	1.657395
0.357688	1.656948
0.359268	1.656508
0.360848	1.656074
0.362428	1.655647
0.364008	1.655226
0.365588	1.654812
0.367169	1.654403
0.368749	1.654001
0.370329	1.653604
0.371909	1.653214
0.373490	1.652829
0.375070	1.652449
0.376650	1.652075
0.378231	1.651706
0.379811	1.651343
0.381392	1.650984
0.382972	1.650631
0.384553	1.650283
0.386134	1.649939
0.387714	1.649600
0.389295	1.649266
0.390876	1.648936
0.392457	1.648611
0.394037	1.648290
0.395618	1.647973
0.397199	1.647661
0.398780	1.647353
0.400361	1.647049
0.401942	1.646749
0.403523	1.646453
0.405104	1.646161
0.406685	1.645872
0.408266	1.645587
0.409847	1.645306
0.411428	1.645029
0.413010	1.644755
0.414591	1.644484
0.416172	1.644217
0.417753	1.643954
0.419335	1.643693
0.420916	1.643436
0.422497	1.643182
0.424079	1.642931
0.425660	1.642684
0.427241	1.642439
0.428823	1.642197
0.430404	1.641958
0.431986	1.641722
0.433567	1.641489
0.435149	1.641259
0.436730	1.641031
0.438312	1.640806
0.439894	1.640584
0.441475	1.640365
0.443057	1.640147
0.444638	1.639933
0.446220	1.639721
0.447802	1.639511
0.449384	1.639304
0.450965	1.639099
0.452547	1.638897
0.454129	1.638697
0.455711	1.638499
0.457292	1.638303
0.458874	1.638110
0.460456	1.637918
0.462038	1.637729
0.463620	1.637542
0.465202	1.637357
0.466784	1.637174
0.468365	1.636993
0.469947	1.636814
0.471529	1.636637
0.473111	1.636462
0.474693	1.636289
0.476275	1.636117
0.477857	1.635948
0.479439	1.635780
0.481021	1.635614
0.482603	1.635450
0.484185	1.635287
0.485767	1.635126
0.487349	1.634967
0.488931	1.634810
0.490513	1.634654
0.492095	1.634500
0.493677	1.634347
0.495259	1.634196
0.496841	1.634047
0.498423	1.633899
0.500005	1.633752
0.501587	1.633607
0.503169	1.633464
0.504752	1.633322
0.506334	1.633181
0.507916	1.633042
0.509498	1.632904
0.511080	1.632767
0.512662	1.632632
0.514244	1.632498
0.515826	1.632366
0.517408	1.632235
0.518990	1.632105
0.520572	1.631976
0.522154	1.631849
0.523736	1.631722
0.525318	1.631597
0.526901	1.631474
0.528483	1.631351
0.530065	1.631230
0.531647	1.631109
0.533229	1.630990
0.534811	1.630872
0.536393	1.630755
0.537975	1.630639
0.539557	1.630525
0.541139	1.630411
0.542721	1.630298
0.544303	1.630187
0.545885	1.630076
0.547467	1.629966
0.549049	1.629858
0.550631	1.629750
0.552213	1.629644
0.553794	1.629538
0.555376	1.629434
0.556958	1.629330
0.558540	1.629227
0.560122	1.629125
0.561704	1.629024
0.563286	1.628924
0.564868	1.628825
0.566449	1.628727
0.568031	1.628629
0.569613	1.628533
0.571195	1.628437
0.572776	1.628342
0.574358	1.628248
0.575940	1.628155
0.577522	1.628062
0.579103	1.627970
0.580685	1.627880
0.582267	1.627789
0.583848	1.627700
0.585430	1.627612
0.587012	1.627524
0.588593	1.627437
0.590175	1.627350
0.591756	1.627265
0.593338	1.627180
0.594919	1.627096
0.596501	1.627012
0.598082	1.626930
0.599663	1.626847
0.601245	1.626766
0.602826	1.626685
0.604407	1.626605
0.605989	1.626526
0.607570	1.626447
0.609151	1.626369
0.610733	1.626291
0.612314	1.626215
0.613895	1.626138
0.615476	1.626063
0.617057	1.625988
0.618638	1.625913
0.620219	1.625839
0.621800	1.625766
0.623381	1.625694
0.624962	1.625621
0.626543	1.625550
0.628124	1.625479
0.629705	1.625409
0.631286	1.625339
0.632867	1.625270
0.634447	1.625201
0.636028	1.625133
0.637609	1.625065
0.639189	1.624998
0.640770	1.624931
0.642351	1.624865
0.643931	1.624799
0.645512	1.624734
0.647092	1.624670
0.648672	1.624606
0.650253	1.624542
0.651833	1.624479
0.653414	1.624416
0.654994	1.624354
0.656574	1.624292
0.658154	1.624231
0.659734	1.624170
0.661315	1.624110
0.662895	1.624050
0.664475	1.623990
0.666055	1.623931
0.667635	1.623873
0.669214	1.623815
0.670794	1.623757
0.672374	1.623700
0.673954	1.623643
0.675534	1.623586
0.677113	1.623530
0.678693	1.623475
0.680273	1.623419
0.681852	1.623365
0.683432	1.623310
0.685011	1.623256
0.686590	1.623202
0.688170	1.623149
0.689749	1.623096
0.691328	1.623044
0.692907	1.622992
0.694487	1.622940
0.696066	1.622888
0.697645	1.622837
0.699224	1.622787
0.700803	1.622736
0.702381	1.622686
0.703960	1.622637
0.705539	1.622587
0.707118	1.622538
0.708696	1.622490
0.710275	1.622441
0.711854	1.622393
0.713432	1.622346
0.715010	1.622299
0.716589	1.622252
0.718167	1.622205
0.719745	1.622159
0.721324	1.622113
0.722902	1.622067
0.724480	1.622022
0.726058	1.621976
0.727636	1.621932
0.729214	1.621887
0.730792	1.621843
0.732369	1.621799
0.733947	1.621756
0.735525	1.621712
0.737102	1.621669
0.738680	1.621627
0.740257	1.621584
0.741835	1.621542
0.743412	1.621500
0.744989	1.621459
0.746566	1.621417
0.748144	1.621376
0.749721	1.621335
0.751298	1.621295
0.752875	1.621255
0.754451	1.621215
0.756028	1.621175
0.757605	1.621135
0.759182	1.621096
0.760758	1.621057
0.762335	1.621018
0.763911	1.620980
0.765488	1.620942
0.767064	1.620904
0.768640	1.620866
0.770216	1.620829
0.771792	1.620791
0.773368	1.620754
0.774944	1.620717
0.776520	1.620681
0.778096	1.620644
0.779672	1.620608
0.781247	1.620572
0.782823	1.620537
0.784398	1.620501
0.785974	1.620466
0.787549	1.620431
0.789124	1.620396
0.790700	1.620362
0.792275	1.620327
0.793850	1.620293
0.795425	1.620259
0.797000	1.620226
0.798574	1.620192
0.800149	1.620159
0.801724	1.620126
0.803298	1.620093
0.804873	1.620060
0.806447	1.620028
0.808021	1.619995
0.809596	1.619963
0.811170	1.619931
0.812744	1.619900
0.814318	1.619868
0.815891	1.619837
0.817465	1.619805
0.819039	1.619774
0.820613	1.619744
0.822186	1.619713
0.823760	1.619683
0.825333	1.619652
0.826906	1.619622
0.828479	1.619592
0.830052	1.619563
0.831625	1.619533
0.833198	1.619504
0.834771	1.619475
0.836344	1.619445
0.837916	1.619417
0.839489	1.619388
0.841061	1.619359
0.842634	1.619331
0.844206	1.619303
0.845778	1.619275
0.847350	1.619247
0.848922	1.619219
0.850494	1.619192
0.852066	1.619164
0.853638	1.619137
0.855209	1.619110
0.856781	1.619083
0.858352	1.619056
0.859923	1.619030
0.861495	1.619003
0.863066	1.618977
0.864637	1.618950
0.866208	1.618924
0.867778	1.618899
0.869349	1.618873
0.870920	1.618847
0.872490	1.618822
0.874061	1.618796
0.875631	1.618771
0.877201	1.618746
0.878771	1.618721
0.880341	1.618697
0.881911	1.618672
0.883481	1.618647
0.885050	1.618623
0.886620	1.618599
0.888189	1.618575
0.889759	1.618551
0.891328	1.618527
0.892897	1.618503
0.894466	1.618480
0.896035	1.618456
0.897604	1.618433
0.899173	1.618410
0.900741	1.618387
0.902310	1.618364
0.903878	1.618341
0.905446	1.618318
0.907014	1.618296
0.908583	1.618273
0.910151	1.618251
0.911718	1.618229
0.913286	1.618207
0.914854	1.618185
0.916421	1.618163
0.917988	1.618141
0.919556	1.618119
0.921123	1.618098
0.922690	1.618076
0.924257	1.618055
0.925823	1.618034
0.927390	1.618013
0.928957	1.617992
0.930523	1.617971
0.932089	1.617950
0.933656	1.617930
0.935222	1.617909
0.936788	1.617889
0.938354	1.617869
0.939919	1.617848
0.941485	1.617828
0.943050	1.617808
0.944616	1.617788
0.946181	1.617769
0.947746	1.617749
0.949311	1.617729
0.950876	1.617710
0.952441	1.617690
0.954005	1.617671
0.955570	1.617652
0.957134	1.617633
0.958698	1.617614
0.960262	1.617595
0.961826	1.617576
0.963390	1.617557
0.964954	1.617539
0.966517	1.617520
0.968081	1.617502
0.969644	1.617483
0.971207	1.617465
0.972771	1.617447
0.974333	1.617429
0.975896	1.617411
0.977459	1.617393
0.979021	1.617375
0.980584	1.617357
0.982146	1.617340
0.983708	1.617322
0.985270	1.617305
0.986832	1.617288
0.988394	1.617270
0.989956	1.617253
0.991517	1.617236
0.993078	1.617219
0.994640	1.617202
0.996201	1.617185
0.997762	1.617168
0.999322	1.617152
1.011346	1.617026
1.014711	1.616991
1.018076	1.616957
1.021442	1.616923
1.024809	1.616890
1.028176	1.616857
1.031544	1.616824
1.034912	1.616791
1.038281	1.616759
1.041651	1.616727
1.045021	1.616696
1.048392	1.616665
1.051764	1.616634
1.055136	1.616603
1.058509	1.616572
1.061883	1.616542
1.065257	1.616513
1.068631	1.616483
1.072007	1.616454
1.075383	1.616425
1.078760	1.616396
1.082137	1.616368
1.085515	1.616340
1.088893	1.616312
1.092272	1.616284
1.095652	1.616257
1.099032	1.616230
1.102414	1.616203
1.105795	1.616176
1.109177	1.616150
1.112560	1.616123
1.115944	1.616097
1.119328	1.616072
1.122713	1.616046
1.126099	1.616021
1.129485	1.615996
1.132871	1.615971
1.136259	1.615947
1.139647	1.615922
1.143035	1.615898
1.146425	1.615874
1.149814	1.615851
1.153205	1.615827
1.156596	1.615804
1.159988	1.615781
1.163380	1.615758
1.166773	1.615735
1.170167	1.615712
1.173561	1.615690
1.176956	1.615668
1.180352	1.615646
1.183748	1.615624
1.187145	1.615603
1.190542	1.615581
1.193940	1.615560
1.197339	1.615539
1.200738	1.615518
1.204138	1.615498
1.207539	1.615477
1.210940	1.615457
1.214342	1.615437
1.217744	1.615417
1.221147	1.615397
1.224551	1.615377
1.227955	1.615358
1.231360	1.615338
1.234766	1.615319
1.238172	1.615300
1.241579	1.615281
1.244987	1.615262
1.248395	1.615244
1.251804	1.615225
1.255213	1.615207
1.258623	1.615189
1.262034	1.615171
1.265445	1.615153
1.268857	1.615135
1.272270	1.615118
1.275683	1.615101
1.279097	1.615083
1.282511	1.615066
1.285926	1.615049
1.289342	1.615032
1.292758	1.615015
1.296175	1.614999
1.299593	1.614982
1.303011	1.614966
1.306430	1.614950
1.309849	1.614934
1.313269	1.614918
1.316690	1.614902
1.320112	1.614886
1.323534	1.614870
1.326956	1.614855
1.330380	1.614839
1.333803	1.614824
1.337228	1.614809
1.340653	1.614794
1.344079	1.614779
1.347505	1.614764
1.350932	1.614750
1.354360	1.614735
1.357788	1.614720
1.361217	1.614706
1.364647	1.614692
1.368077	1.614678
1.371508	1.614664
1.374939	1.614650
1.378372	1.614636
1.381804	1.614622
1.385238	1.614608
1.388672	1.614595
1.392106	1.614581
1.395542	1.614568
1.398977	1.614555
1.402414	1.614542
1.405851	1.614529
1.409289	1.614516
1.412727	1.614503
1.416166	1.614490
1.419606	1.614477
1.423046	1.614465
1.426487	1.614452
1.429929	1.614440
1.433371	1.614427
1.436814	1.614415
1.440257	1.614403
1.443701	1.614391
1.447146	1.614379
1.450591	1.614367
1.454037	1.614355
1.457484	1.614343
1.460931	1.614332
1.464379	1.614320
1.467827	1.614309
1.471276	1.614297
1.474726	1.614286
1.478177	1.614275
1.481628	1.614263
1.485079	1.614252
1.488531	1.614241
1.491984	1.614230
1.495438	1.614219
1.498892	1.614208
1.502347	1.614198
1.505802	1.614187
1.509258	1.614177
1.512715	1.614166
1.516172	1.614156
1.519630	1.614145
1.523089	1.614135
1.526548	1.614125
1.530008	1.614114
1.533468	1.614104
1.536929	1.614094
1.540391	1.614084
1.543854	1.614074
1.547317	1.614064
1.550780	1.614055
1.554244	1.614045
1.557709	1.614035
1.561175	1.614026
1.564641	1.614016
1.568108	1.614007
1.571575	1.613997
1.575043	1.613988
1.578512	1.613979
1.581981	1.613969
1.585451	1.613960
1.588922	1.613951
1.592393	1.613942
1.595865	1.613933
1.599337	1.613924
1.602810	1.613915
1.606284	1.613906
1.609758	1.613898
1.613233	1.613889
1.616709	1.613880
1.620185	1.613872
1.623662	1.613863
1.627139	1.613855
1.630617	1.613846
1.634096	1.613838
1.637575	1.613829
1.641055	1.613821
1.644536	1.613813
1.648017	1.613805
1.651499	1.613797
1.654982	1.613788
1.658465	1.613780
1.661949	1.613773
1.665433	1.613765
1.668918	1.613757
1.672404	1.613749
1.675890	1.613741
1.679377	1.613733
1.682865	1.613726
1.686353	1.613718
1.689842	1.613710