1.398055090232358317e-10
6.476100755925931713e-11
2.996921492085859031e-11
1.388509943135807607e-11
6.789767106971648242e-12
3.465901934055926398e-12
1.796511961489870207e-12
9.475926755394218587e-13
5.095081954354669161e-13
2.796170259160303048e-13
1.567123975644502604e-13
8.968107664104822382e-14
5.236137993106154771e-14
3.114726232280840711e-14
1.884569666282231549e-14
1.157653486549995273e-14
7.206587887594777898e-15
4.538834104898238212e-15
2.887821364545709408e-15
1.853883388170688598e-15
1.246451004410777097e-15
8.427165575010910376e-16
5.706721005180757009e-16
3.870733888118379955e-16
2.630051655727223759e-16
1.876081464381738637e-16
1.335342528903540099e-16
9.450146745644845799e-17
6.682025179884787766e-17
4.968628589377100240e-17
3.643818424630832622e-17
2.647667906825540377e-17
1.999163274339137303e-17
1.506907735483972074e-17
1.130606629390422488e-17
9.521435970070620523e-18
1.522760474036956625e-14
4.155488659305521025e-14
1.815743643605653004e-10
7.726566651176595572e-08
2.858225778301888818e-07
2.396218864422908492e-05
6.404417770800519742e-05
8.496086540479966037e-04
2.336116493523557585e-03
5.718248345805507921e-03
1.161966418818567194e-02
2.013864914336598380e-02
2.877968115169804442e-02
3.748098099140953487e-02
