2.272484983020345073e+00
2.271930330673079812e+00
2.271411133083630407e+00
2.270923030470377135e+00
2.270462260083387918e+00
2.270025560282097565e+00
2.269610092168113713e+00
2.269213375185400228e+00
2.268833233906439872e+00
2.268467753832434486e+00
2.268115244499835370e+00
2.267774208541817327e+00
2.267443315628722367e+00
2.267121380425810795e+00
2.266807343874465364e+00
2.266500257235208871e+00
2.266199268435644676e+00
2.265903610349872199e+00
2.265612590702758222e+00
2.265325583346217364e+00
2.265042020698142533e+00
2.264761387169937912e+00
2.264483213437418652e+00
2.264207071433451457e+00
2.263932569960103613e+00
2.263659350834107187e+00
2.263387085492711392e+00
2.263115471998048633e+00
2.262844232387335452e+00
2.262573110323962577e+00
2.262301869010980404e+00
2.262030289333963218e+00
2.261758168204826447e+00
2.261485317082085000e+00
2.261211560646355423e+00
2.260936735612724124e+00
2.260660689664024225e+00
2.260383280491124580e+00
2.260104374928104676e+00
2.259823848171721217e+00
2.259541583075875160e+00
2.259257469512934602e+00
2.258971403794745925e+00
2.258683288147016466e+00
2.258393030231504284e+00
2.258100542711078518e+00
2.257805742853302267e+00
2.257508552168651761e+00
2.257208896079952787e+00
2.256906703619959487e+00
