1.351336833766585421e+00
1.355228574922710205e+00
1.358925040564314290e+00
1.362438465734308712e+00
1.365779850874013768e+00
1.368959112875305362e+00
1.371985214689646293e+00
1.374866276969092693e+00
1.377609674585295041e+00
1.380222120368510774e+00
1.382709738002911415e+00
1.385078125686203476e+00
1.387332411894463657e+00
1.389477304374982625e+00
1.391517133310832932e+00
1.393455889453386387e+00
1.395297257896699783e+00
1.397044648066511074e+00
1.398701220411690205e+00
1.400269910215431013e+00
1.401753448883790831e+00
1.403154383019275198e+00
1.404475091544628462e+00
1.405717801106215692e+00
1.406884599955741555e+00
1.407977450483080206e+00
1.408998200550626523e+00
1.409948593760563140e+00
1.410830278769948931e+00
1.411644817754405645e+00
1.412393694108964981e+00
1.413078319464025290e+00
1.413700040085213994e+00
1.414260142717898017e+00
1.414759859930215136e+00
1.415200375002372501e+00
1.415582826404574446e+00
1.415908311901440175e+00
1.416177892316517362e+00
1.416392594987010201e+00
1.416553416935601106e+00
1.416661327783503843e+00
1.416717272426373908e+00
1.416722173492512837e+00
1.416676933600941490e+00
1.416582437435059960e+00
1.416439553646224203e+00
1.416249136600130187e+00
1.416012027977722187e+00
1.415729058241219196e+00
1.415401047974959470e+00
1.415028809109858621e+00
1.414613146039519265e+00
1.414154856635307711e+00
1.413654733167230448e+00
1.413113563136687567e+00
1.412532130026853405e+00
1.411911213975937107e+00
1.411251592378158337e+00
1.410554040416925003e+00
1.409819331534404974e+00
1.409048237841353801e+00
1.408241530470853320e+00
1.407399979879291108e+00
1.406524356097816453e+00
1.405615428937213585e+00
1.404673968149005914e+00
1.403700743545485796e+00
1.402696525081098100e+00
1.401662082897638273e+00
1.400598187335494460e+00
1.399505608913064192e+00
1.398385118276455952e+00
1.397237486121387873e+00
1.396063483089220458e+00
1.394863879638869930e+00
1.393639445896405871e+00
1.392390951483943873e+00
1.391119165329495866e+00
1.389824855459261821e+00
1.388508788773954228e+00
1.387171730810498493e+00
1.385814445490576308e+00
1.384437694857346690e+00
1.383042238801614809e+00
1.381628834778755088e+00
1.380198237517584969e+00
1.378751198722340865e+00
1.377288466768968211e+00
1.375810786396699070e+00
1.374318898396114985e+00
1.372813539294599705e+00
1.371295441040210505e+00
1.369765330684928006e+00
1.368223930068139138e+00
1.366671955501248314e+00
1.365110117454261474e+00
1.363539120245076841e+00
1.361959661732317750e+00
1.360372433012351001e+00
1.358778118121211298e+00
1.357177393742059479e+00
1.355570928918796492e+00
1.353959384776376673e+00
1.352343414248381670e+00
1.350723661812351040e+00
1.349100763233291422e+00
1.347475345315858775e+00
1.345848025665542513e+00
1.344219412459255691e+00
1.342590104225624525e+00
1.340960689635285030e+00
1.339331747301438780e+00
1.337703845590894280e+00
1.336077542445782251e+00
1.334453385216129773e+00
1.332831910503392336e+00
1.331213644015082576e+00
1.329599100430547187e+00
1.327988783277959772e+00
1.326383184822528705e+00
1.324782785965954002e+00
1.323188056157050818e+00
1.321599453313559325e+00
1.320017423754989982e+00
1.318442402146477788e+00
1.316874811453480509e+00
1.315315062907216781e+00
1.313763555980680175e+00
1.312220678375043414e+00
1.310686806016301720e+00
1.309162303061925936e+00
1.307647521917316258e+00
1.306142803261825858e+00
1.304648476084141917e+00
1.303164857726718528e+00
1.301692253939054744e+00
1.300230958939522008e+00
1.298781255485473629e+00
1.297343414951329432e+00
1.295917697414385117e+00
1.294504351748027471e+00
1.293103615722045907e+00
1.291715716109768985e+00
1.290340868801699514e+00
1.288979278925346472e+00
1.287631140970947552e+00
1.286296638922791447e+00
1.284975946395795043e+00
1.283669226777080397e+00
1.282376633372199759e+00
1.281098309555751991e+00
1.279834388926060385e+00
1.278584995463632357e+00
1.277350243693109011e+00
1.276130238848419252e+00
1.274925077040859334e+00
1.273734845429816520e+00
1.272559622395875278e+00
1.271399477716041559e+00
1.270254472740813823e+00
1.269124660572878316e+00
1.268010086247153057e+00
1.266910786911966236e+00
1.265826792011124802e+00
1.264758123466670048e+00
1.263704795862071961e+00
1.262666816625694688e+00
1.261644186214290642e+00
1.260636898296382480e+00
1.259644939935283592e+00
1.258668291771642966e+00
1.257706928205301944e+00
1.256760817576316525e+00
1.255829922345000238e+00
1.254914199270809494e+00
1.254013599589977046e+00
1.253128069191719707e+00
1.252257548792922393e+00
1.251401974111167270e+00
1.250561276035999425e+00
1.249735380798332907e+00
1.248924210137901669e+00
1.248127681468633732e+00
1.247345708041922796e+00
1.246578199107651885e+00
1.245825060072966561e+00
1.245086192658665381e+00
1.244361495053205591e+00
1.243650862064226370e+00
1.242954185267572065e+00
1.242271353153754809e+00
1.241602251271810120e+00
1.240946762370549683e+00
1.240304766537131842e+00
1.239676141332966219e+00
1.239060761926908061e+00
1.238458501225744746e+00
1.237869230001938270e+00
1.237292817018650792e+00
1.236729129152003948e+00
1.236178031510622777e+00
1.235639387552409874e+00
1.235113059198611030e+00
1.234598906945132413e+00
1.234096789971155239e+00
1.233606566245044167e+00
1.233128092627564287e+00
1.232661224972438685e+00
1.232205818224245242e+00
1.231761726513711519e+00
1.231328803250379078e+00
1.230906901212718285e+00
1.230495872635684496e+00
1.230095569295757585e+00
1.229705842593500797e+00
1.229326543633660673e+00
1.228957523302840915e+00
1.228598632344801267e+00
1.228249721433392727e+00
1.227910641243180390e+00
1.227581242517791882e+00
1.227261376136013604e+00
1.226950893175689394e+00
1.226649644975453590e+00
1.226357483194333575e+00
1.226074259869267769e+00
1.225799827470569481e+00
1.225534038955391480e+00
1.225276747819208811e+00
1.225027808145387143e+00
1.224787074652846197e+00
1.224554402741885539e+00
1.224329648538193371e+00
1.224112668935089854e+00
1.223903321634031149e+00
1.223701465183435477e+00
1.223506959015841833e+00
1.223319663483461328e+00
1.223139439892158897e+00
1.222966150533875362e+00
1.222799658717580895e+00
1.222639828798736117e+00
1.222486526207340773e+00
1.222339617474593743e+00
1.222198970258189465e+00
1.222064453366302539e+00
1.221935936780283560e+00
1.221813291676109747e+00
1.221696390444608760e+00
1.221585106710513902e+00
1.221479315350352701e+00
1.221378892509229708e+00
1.221283715616513499e+00
1.221193663400471863e+00
1.221108615901874472e+00
1.221028454486614123e+00
1.220953061857334765e+00
1.220882322064148928e+00
1.220816120514424563e+00
1.220754343981693912e+00
1.220696880613715285e+00
1.220643619939683511e+00
1.220594452876652136e+00
1.220549271735175134e+00
1.220507970224183669e+00
1.220470443455136333e+00
1.220436587945461726e+00
1.220406301621315803e+00
1.220379483819671984e+00
1.220356035289777097e+00
1.220335858193975387e+00
1.220318856107944328e+00
1.220304934020343790e+00
1.220293998331906105e+00
1.220285956853987663e+00
1.220280718806594056e+00
1.220278194815905159e+00
1.220278296911306848e+00
1.220280938521962844e+00
1.220286034472922942e+00
1.220293500980804469e+00
1.220303255649048513e+00
1.220315217462763835e+00
1.220329306783196843e+00
1.220345445341808555e+00
1.220363556234004054e+00
1.220383563912502689e+00
1.220405394180382297e+00
1.220428974183795257e+00
1.220454232404383443e+00
1.220481098651388097e+00
1.220509504053483241e+00
1.220539381050332439e+00
1.220570663383879317e+00
1.220603286089399830e+00
1.220637185486304288e+00
1.220672299168712227e+00
1.220708565995809902e+00
1.220745926081995281e+00
1.220784320786832300e+00
1.220823692704793961e+00
1.220863985654849548e+00
1.220905144669859332e+00
1.220947115985811848e+00
1.220989847030908182e+00
1.221033286414488161e+00
1.221077383915830872e+00
1.221122090472805954e+00
1.221167358170411887e+00
1.221213140229193472e+00
1.221259390993537641e+00
1.221306065919886885e+00
1.221353121564831223e+00
1.221400515573121792e+00
1.221448206665597613e+00
1.221496154627032427e+00
1.221544320293907804e+00
1.221592665542118761e+00
1.221641153274620528e+00
1.221689747409011595e+00
1.221738412865080114e+00
1.221787115552287917e+00
1.221835822357221435e+00
1.221884501131012657e+00
1.221933120676716333e+00
1.221981650736675418e+00
1.222030061979848314e+00
1.222078325989134795e+00
1.222126415248683040e+00
1.222174303131175810e+00
1.222221963885132601e+00
1.222269372622199368e+00
1.222316505304444689e+00
1.222363338731655702e+00
1.222409850528656472e+00
1.222456019132636795e+00
1.222501823780491881e+00
1.222547244496192898e+00
1.222592262078176617e+00
1.222636858086768141e+00
1.222681014831628943e+00
1.222724715359243319e+00
1.222767943440441041e+00
1.222810683557963074e+00
1.222852920894065054e+00
1.222894641318174047e+00
1.222935831374588167e+00
1.222976478270231926e+00
1.223016569862466207e+00
1.223056094646949532e+00
1.223095041745568379e+00
1.223133400894420353e+00
1.223171162431866854e+00
1.223208317286649693e+00
1.223244856966078764e+00
1.223280773544293210e+00
1.223316059650585874e+00
1.223350708457817015e+00
1.223384713670891522e+00
1.223418069515328055e+00
1.223450770725901915e+00
1.223482812535372055e+00
1.223514190663294920e+00
1.223544901304922661e+00
1.223574941120196602e+00
1.223604307222815990e+00
1.223632997169418646e+00
1.223661008948838669e+00
1.223688340971464505e+00
1.223714992058696494e+00
1.223740961432496110e+00
1.223766248705041138e+00
1.223790853868472084e+00
1.223814777284753186e+00
1.223838019675616895e+00
1.223860582112637374e+00
1.223882466007390146e+00
1.223903673101716993e+00
1.223924205458115422e+00
1.223944065450220053e+00
1.223963255753399482e+00
1.223981779335463260e+00
1.223999639447475252e+00
1.224016839614685770e+00
1.224033383627571636e+00
1.224049275532990366e+00
1.224064519625444492e+00
1.224079120438468893e+00
1.224093082736121829e+00
1.224106411504602310e+00
1.224119111943975602e+00
1.224131189460015978e+00
1.224142649656171811e+00
1.224153498325639911e+00
1.224163741443566877e+00
1.224173385159353700e+00
1.224182435789094914e+00
1.224190899808122346e+00
