1.463585367346157184e+00
1.467791896184168721e+00
1.471838239033453899e+00
1.475732893847021332e+00
1.479483464474966592e+00
1.483096771085365084e+00
1.486578944916449929e+00
1.489935509906695099e+00
1.493171453286797457e+00
1.496291286847766688e+00
1.499299100301519916e+00
1.502198607908921346e+00
1.504993189355549710e+00
1.507685925694392193e+00
1.510279631044317616e+00
1.512776880625099407e+00
1.515180035619859700e+00
1.517491265282177038e+00
1.519712566643229623e+00
1.521845782121857393e+00
1.523892615298101605e+00
1.525854645073310145e+00
1.527733338409293040e+00
1.529530061812877761e+00
1.531246091709946855e+00
1.532882623833563329e+00
1.534440781735542547e+00
1.535921624515675044e+00
1.537326153852090149e+00
1.538655320404792359e+00
1.539910029656493373e+00
1.541091147246384851e+00
1.542199503846586328e+00
1.543235899624324281e+00
1.544201108328691507e+00
1.545095881035846608e+00
1.545920949583079906e+00
1.546677029718285246e+00
1.547364823989207494e+00
1.547985024393426334e+00
1.548538314808185268e+00
1.549025373217443491e+00
1.549446873750827125e+00
1.549803488549009511e+00
1.550095889467026700e+00
1.550324749627447485e+00
1.550490744832900836e+00
1.550594554847514184e+00
1.550636864555307692e+00
1.550618365003098020e+00
1.550539754335068521e+00
1.550401738624961556e+00
1.550205032612026912e+00
1.549950360345849321e+00
1.549638455745126597e+00
1.549270063074931425e+00
1.548845937346791546e+00
1.548366844645419516e+00
1.547833562386239148e+00
1.547246879506651851e+00
1.546607596594957057e+00
1.545916525959770249e+00
1.545174491642938408e+00
1.544382329379146324e+00
1.543540886504596754e+00
1.542651021817742052e+00
1.541713605394457343e+00
1.540729518360223427e+00
1.539699652621739689e+00
1.538624910560280279e+00
1.537506204689119027e+00
1.536344457277287967e+00
1.535140599941787753e+00
1.533895573210427798e+00
1.532610326057423089e+00
1.531285815413774953e+00
1.529923005654489243e+00
1.528522868064492002e+00
1.527086380285418432e+00
1.525614525744880767e+00
1.524108293070416842e+00
1.522568675489618606e+00
1.520996670218516922e+00
1.519393277839773848e+00
1.517759501672476530e+00
1.516096347135257760e+00
1.514404821104287757e+00
1.512685931267720107e+00
1.510940685478229017e+00
1.509170091105061839e+00
1.507375154386970006e+00
1.505556879787732560e+00
1.503716269355162671e+00
1.501854322085288906e+00
1.499972033292773288e+00
1.498070393988780724e+00
1.496150390267497743e+00
1.494213002702257098e+00
1.492259205752426876e+00
1.490289967182013120e+00
1.488306247490805090e+00
1.486308999359042593e+00
1.484299167106281292e+00
1.482277686165303754e+00
1.480245482571686644e+00
1.478203472469719726e+00
1.476152561635202476e+00
1.474093645015588816e+00
1.472027606288119461e+00
1.469955317436066000e+00
1.467877638343803248e+00
1.465795416410538898e+00
1.463709486183444541e+00
1.461620669010080364e+00
1.459529772710255191e+00
1.457437591267601196e+00
1.455344904540806450e+00
1.453252477994454450e+00
1.451161062449604966e+00
1.449071393853882395e+00
1.446984193071036318e+00
1.444900165689828153e+00
1.442820001852048950e+00
1.440744376099389656e+00
1.438673947238969353e+00
1.436609358227318056e+00
1.434551236072276970e+00
1.432500191752704932e+00
1.430456820155503683e+00
1.428421700029668173e+00
1.426395393956838564e+00
1.424378448338020187e+00
1.422371393396039796e+00
1.420374743193203670e+00
1.418388995663786512e+00
1.416414632660786932e+00
1.414452120016530756e+00
1.412501907616537045e+00
1.410564429486264926e+00
1.408640103890119954e+00
1.406729333442228835e+00
1.404832505228559958e+00
1.402949990939717395e+00
1.401082147014031776e+00
1.399229314790356948e+00
1.397391820670045526e+00
1.395569976287677871e+00
1.393764078689966102e+00
1.391974410522341499e+00
1.390201240222762813e+00
1.388444822222210107e+00
1.386705397151524632e+00
1.384983192053854006e+00
1.383278420602549241e+00
1.381591283323884367e+00
1.379921967824174089e+00
1.378270649020905569e+00
1.376637489377461776e+00
1.375022639140990766e+00
1.373426236583074944e+00
1.371848408242805961e+00
1.370289269171856228e+00
1.368748923181218879e+00
1.367227463089363271e+00
1.365724970971242680e+00
1.364241518408118914e+00
1.362777166737657364e+00
1.361331967304169721e+00
1.359905961708625766e+00
1.358499182058214183e+00
1.357111651215149317e+00
1.355743383044540895e+00
1.354394382661092022e+00
1.353064646674301041e+00
1.351754163432179912e+00
1.350462913262997944e+00
1.349190868715173464e+00
1.347937994794906613e+00
1.346704249201509995e+00
1.345489582560293496e+00
1.344293938652759479e+00
1.343117254644120129e+00
1.341959461307913770e+00
1.340820483247640915e+00
1.339700239115300340e+00
1.338598641826829638e+00
1.337515598774213998e+00
1.336451012034275188e+00
1.335404778574067475e+00
1.334376790452916239e+00
1.333366935020712685e+00
1.332375095112943830e+00
1.331401149241847826e+00
1.330444971784176644e+00
1.329506433165187129e+00
1.328585400038959419e+00
1.327681735465072510e+00
1.326795299081554358e+00
1.325925947274209538e+00
1.325073533342087329e+00
1.324237907659478797e+00
1.323418917834014108e+00
1.322616408861259529e+00
1.321830223275555882e+00
1.321060201297311387e+00
1.320306180976631660e+00
1.319567998333349923e+00
1.318845487493636837e+00
1.318138480822922842e+00
1.317446809055466073e+00
1.316770301420461919e+00
1.316108785764700473e+00
1.315462088671885521e+00
1.314830035578689937e+00
1.314212450887459305e+00
1.313609158075751182e+00
1.313019979802675818e+00
1.312444738012081169e+00
1.311883254032724100e+00
1.311335348675353174e+00
1.310800842326859561e+00
1.310279555041469424e+00
1.309771306629080811e+00
1.309275916740800794e+00
1.308793204951677058e+00
1.308322990840753430e+00
1.307865094068461520e+00
1.307419334451378035e+00
1.306985532034492969e+00
1.306563507160904303e+00
1.306153080539148359e+00
1.305754073308070806e+00
1.305366307099421030e+00
1.304989604098105049e+00
1.304623787100251064e+00
1.304268679569088096e+00
1.303924105688657464e+00
1.303589890415480346e+00
1.303265859528219162e+00
1.302951839675298595e+00
1.302647658420625687e+00
1.302353144287456743e+00
1.302068126800379533e+00
1.301792436525527341e+00
1.301525905109083725e+00
1.301268365314044884e+00
1.301019651055318915e+00
1.300779597433307178e+00
1.300548040765800106e+00
1.300324818618429523e+00
1.300109769833628359e+00
1.299902734558129325e+00
1.299703554269063810e+00
1.299512071798721413e+00
1.299328131357952110e+00
1.299151578558328746e+00
1.298982260432994806e+00
1.298820025456357996e+00
1.298664723562572121e+00
1.298516206162870112e+00
1.298374326161817471e+00
1.298238937972432838e+00
1.298109897530330681e+00
1.297987062306763750e+00
1.297870291320759373e+00
1.297759445150240110e+00
1.297654385942244915e+00
1.297554977422237465e+00
1.297461084902566064e+00
1.297372575290023367e+00
1.297289317092666927e+00
1.297211180425728694e+00
1.297138037016907886e+00
1.297069760210743938e+00
1.297006224972422794e+00
1.296947307890780721e+00
1.296892887180657317e+00
1.296842842684603481e+00
1.296797055873943894e+00
1.296755409849217777e+00
1.296717789340046778e+00
1.296684080704359809e+00
1.296654171927158705e+00
1.296627952618663704e+00
1.296605314011951338e+00
1.296586148960124918e+00
1.296570351932939236e+00
1.296557819012986057e+00
1.296548447891429090e+00
1.296542137863262223e+00
1.296538789822157645e+00
1.296538306254937600e+00
1.296540591235557205e+00
1.296545550418790382e+00
1.296553091033507465e+00
1.296563121875572877e+00
1.296575553300441497e+00
1.296590297215365117e+00
1.296607267071334668e+00
1.296626377854656731e+00
1.296647546078251834e+00
1.296670689772686735e+00
1.296695728476873199e+00
1.296722583228557824e+00
1.296751176554476359e+00
1.296781432460377026e+00
1.296813276420637928e+00
1.296846635367846057e+00
1.296881437681969063e+00
1.296917613179442430e+00
1.296955093102011958e+00
1.296993810105368405e+00
1.297033698247573863e+00
1.297074692977393529e+00
1.297116731122340605e+00
1.297159750876665019e+00
1.297203691789069691e+00
1.297248494750400383e+00
1.297294101981075087e+00
1.297340457018478332e+00
1.297387504704137662e+00
1.297435191170843494e+00
1.297483463829602668e+00
1.297532271356520051e+00
1.297581563679540251e+00
1.297631291965127165e+00
1.297681408604803188e+00
1.297731867201659783e+00
1.297782622556723053e+00
1.297833630655293780e+00
1.297884848653185985e+00
1.297936234862915095e+00
1.297987748739813263e+00
1.298039350868122499e+00
1.298091002946958783e+00
1.298142667776339909e+00
1.298194309243074329e+00
1.298245892306666871e+00
1.298297382985201365e+00
1.298348748341133563e+00
1.298399956467144456e+00
1.298450976471901441e+00
1.298501778465872336e+00
1.298552333547048576e+00
1.298602613786774107e+00
1.298652592215443269e+00
1.298702242808309704e+00
1.298751540471244192e+00
1.298800461026528241e+00
1.298848981198632568e+00
1.298897078600047328e+00
1.298944731717124990e+00
1.298991919895922109e+00
1.299038623328105935e+00
1.299084823036885217e+00
1.299130500862939241e+00
1.299175639450450115e+00
1.299220222233140376e+00
1.299264233420330150e+00
1.299307657983110653e+00
1.299350481640511035e+00
1.299392690845742049e+00
1.299434272772518106e+00
1.299475215301379993e+00
1.299515507006172799e+00
1.299555137140495864e+00
1.299594095624296175e+00
1.299632373030481292e+00
1.299669960571657956e+00
1.299706850086892240e+00
1.299743034028595146e+00
1.299778505449474819e+00
1.299813257989578030e+00
1.299847285863396040e+00
1.299880583847098148e+00
1.299913147265841840e+00
1.299944971981150665e+00
1.299976054378451096e+00
1.300006391354636026e+00
1.300035980305778383e+00
1.300064819114931325e+00
1.300092906140035920e+00
1.300120240201929622e+00
1.300146820572468664e+00
1.300172646962759027e+00
1.300197719511511307e+00
1.300222038773476640e+00
1.300245605708037600e+00
1.300268421667879926e+00
1.300290488387829013e+00
1.300311807973720812e+00
1.300332382891529637e+00
1.300352215956456225e+00
1.300371310322274043e+00
1.300389669470731313e+00
1.300407297201093382e+00
1.300424197619801880e+00
1.300440375130303305e+00
1.300455834422935331e+00
