1.089362729757709758e+00
1.091269666350791034e+00
1.093125499603565309e+00
1.094933444616682072e+00
1.096696366350548013e+00
1.098416823468834291e+00
1.100097105764868965e+00
1.101739266243927817e+00
1.103345148734244274e+00
1.104916411740502369e+00
1.106454549126305587e+00
1.107960908109907328e+00
1.109436704974821941e+00
1.110883038829806768e+00
1.112300903698030030e+00
1.113691199170252277e+00
1.115054739820007690e+00
1.116392263548154018e+00
1.117704438998887495e+00
1.118991872168139778e+00
1.120255112307694034e+00
1.121494657213474078e+00
1.122710957974053070e+00
1.123904423244859840e+00
1.125075423104658245e+00
1.126224292543258620e+00
1.127351334623013512e+00
1.128456823351056570e+00
1.129541006294564776e+00
1.130604106967195266e+00
1.131646327011439190e+00
1.132667848198448235e+00
1.133668834264450309e+00
1.134649432600455254e+00
1.135609775810031641e+00
1.136549983148206211e+00
1.137470161853017858e+00
1.138370408379966392e+00
1.139250809548388643e+00
1.140111443607846331e+00
1.140952381231638446e+00
1.141773686443859681e+00
1.142575417485611755e+00
1.143357627625475326e+00
1.144120365918716686e+00
1.144863677919271572e+00
1.145587606348106302e+00
1.146292191721144826e+00
1.146977472939670228e+00
1.147643487845748211e+00
1.148290273744980050e+00
1.148917867898663348e+00
1.149526307987170481e+00
1.150115632546248268e+00
1.150685881377677022e+00
1.151237095935657262e+00
1.151769319690093996e+00
1.152282598467867958e+00
1.152776980773052351e+00
1.153252518086948841e+00
1.153709265148732399e+00
1.154147280217389548e+00
1.154566625315628814e+00
1.154967366456322031e+00
1.155349573852004541e+00
1.155713322107944530e+00
1.156058690399201616e+00
1.156385762632099468e+00
1.156694627590505675e+00
1.156985379067253072e+00
1.157258115981073310e+00
1.157512942479331786e+00
1.157749968026902776e+00
1.157969307481448551e+00
1.158171081155426663e+00
1.158355414865080535e+00
1.158522439966714668e+00
1.158672293380509810e+00
1.158805117602184076e+00
1.158921060702755801e+00
1.159020276316700571e+00
1.159102923618795522e+00
1.159169167289938684e+00
1.159219177472222473e+00
1.159253129713599728e+00
1.159271204902426966e+00
1.159273589192207909e+00
1.159260473916865264e+00
1.159232055496874469e+00
1.159188535336594050e+00
1.159130119713148055e+00
1.159057019657202314e+00
1.158969450826005554e+00
1.158867633369071948e+00
1.158751791786853946e+00
1.158622154782807057e+00
1.158478955109223829e+00
1.158322429407226961e+00
1.158152818041315868e+00
1.157970364928850415e+00
1.157775317364899470e+00
1.157567925842820644e+00
1.157348443870991339e+00
1.157117127786088551e+00
1.156874236563320890e+00
1.156620031623992961e+00
1.156354776640823534e+00
1.156078737341401874e+00
1.155792181310142386e+00
1.155495377789175881e+00
1.155188597478496781e+00
1.154872112335781242e+00
1.154546195376219497e+00
1.154211120472712571e+00
1.153867162156804405e+00
1.153514595420657818e+00
1.153153695520428013e+00
1.152784737781336277e+00
1.152407997404751860e+00
1.152023749277581111e+00
1.151632267784248320e+00
1.151233826621529843e+00
1.150828698616505497e+00
1.150417155547884596e+00
1.149999467970904687e+00
1.149575905046060997e+00
1.149146734371840894e+00
1.148712221821673207e+00
1.148272631385254705e+00
1.147828225014429826e+00
1.147379262473760209e+00
1.146926001195931244e+00
1.146468696142110000e+00
1.146007599667359766e+00
1.145542961391212478e+00
1.145075028073479384e+00
1.144604043495356605e+00
1.144130248345903489e+00
1.143653880113907784e+00
1.143175172985193333e+00
1.142694357745378975e+00
1.142211661688083746e+00
1.141727308528605489e+00
1.141241518323022230e+00
1.140754507392720996e+00
1.140266488254301880e+00
1.139777669554820516e+00
1.139288256012318978e+00
1.138798448361571625e+00
1.138308443304999695e+00
1.137818433468646973e+00
1.137328607363163879e+00
1.136839149349691658e+00
1.136350239610552038e+00
1.135862054124648024e+00
1.135374764647461232e+00
1.134888538695544513e+00
1.134403539535375538e+00
1.133919926176481185e+00
1.133437853368672421e+00
1.132957471603304178e+00
1.132478927118399037e+00
1.132002361907523902e+00
1.131527913732281121e+00
1.131055716138281264e+00
1.130585898474460338e+00
1.130118585915619756e+00
1.129653899488032076e+00
1.129191956097996830e+00
1.128732868563207425e+00
1.128276745646778600e+00
1.127823692093836039e+00
1.127373808670487421e+00
1.126927192205096739e+00
1.126483935631690247e+00
1.126044128035391223e+00
1.125607854699743449e+00
1.125175197155813267e+00
1.124746233232937209e+00
1.124321037111003729e+00
1.123899679374150251e+00
1.123482227065757399e+00
1.123068743744648712e+00
1.122659289542352834e+00
1.122253921221363360e+00
1.121852692234264204e+00
1.121455652783636792e+00
1.121062849882649148e+00
1.120674327416233407e+00
1.120290126202766245e+00
1.119910284056157224e+00
1.119534835848276622e+00
1.119163813571627530e+00
1.118797246402196244e+00
1.118435160762403235e+00
1.118077580384082337e+00
1.117724526371425942e+00
1.117376017263833843e+00
1.117032069098594649e+00
1.116692695473345598e+00
1.116357907608270139e+00
1.116027714407954452e+00
1.115702122522879813e+00
1.115381136410485752e+00
1.115064758395767797e+00
1.114752988731372074e+00
1.114445825657139899e+00
1.114143265459073495e+00
1.113845302527681991e+00
1.113551929415688146e+00
1.113263136895052297e+00
1.112978914013298848e+00
1.112699248149117137e+00
1.112424125067208891e+00
1.112153528972368299e+00
1.111887442562782935e+00
1.111625847082513108e+00
1.111368722373169415e+00
1.111116046924750078e+00
1.110867797925636058e+00
1.110623951311732860e+00
1.110384481814754132e+00
1.110149363009633072e+00
1.109918567361063868e+00
1.109692066269158950e+00
1.109469830114234723e+00
1.109251828300708453e+00
1.109038029300112749e+00
1.108828400693226301e+00
1.108622909211329777e+00
1.108421520776573521e+00
1.108224200541475080e+00
1.108030912927544520e+00
1.107841621663042231e+00
1.107656289819871631e+00
1.107474879849625893e+00
1.107297353618776681e+00
1.107123672443028450e+00
1.106953797120836303e+00
1.106787687966103606e+00
1.106625304840059165e+00
1.106466607182331696e+00
1.106311554041230494e+00
1.106160104103229846e+00
1.106012215721695169e+00
1.105867846944825983e+00
1.105726955542856160e+00
1.105589499034507650e+00
1.105455434712714347e+00
1.105324719669624534e+00
1.105197310820893897e+00
1.105073164929287088e+00
1.104952238627590733e+00
1.104834488440850526e+00
1.104719870807961524e+00
1.104608342102588292e+00
1.104499858653472000e+00
1.104394376764095131e+00
1.104291852731741796e+00
1.104192242865958740e+00
1.104095503506425269e+00
1.104001591040245867e+00
1.103910461918682140e+00
1.103822072673327215e+00
1.103736379931743672e+00
1.103653340432568797e+00
1.103572911040101800e+00
1.103495048758385666e+00
1.103419710744792726e+00
1.103346854323125292e+00
1.103276436996244447e+00
1.103208416458231422e+00
1.103142750606103117e+00
1.103079397551081975e+00
1.103018315629434865e+00
1.102959463412890972e+00
1.102902799718650240e+00
1.102848283618987679e+00
1.102795874450468450e+00
1.102745531822778347e+00
1.102697215627183258e+00
1.102650886044625578e+00
1.102606503553462902e+00
1.102564028936864116e+00
1.102523423289867299e+00
1.102484648026105685e+00
1.102447664884218526e+00
1.102412435933945334e+00
1.102378923581920356e+00
1.102347090577161293e+00
1.102316900016280909e+00
1.102288315348409320e+00
1.102261300379842490e+00
1.102235819278428286e+00
1.102211836577685400e+00
1.102189317180676253e+00
1.102168226363626991e+00
1.102148529779311881e+00
1.102130193460201690e+00
1.102113183821383346e+00
1.102097467663261110e+00
1.102083012174039700e+00
1.102069784931997809e+00
1.102057753907560445e+00
1.102046887465164104e+00
1.102037154364941873e+00
1.102028523764205348e+00
1.102020965218756476e+00
1.102014448684014880e+00
1.102008944515970423e+00
1.102004423471972805e+00
1.102000856711352839e+00
1.101998215795887415e+00
1.101996472690107032e+00
1.101995599761455447e+00
1.101995569780300332e+00
1.101996355919803827e+00
1.101997931755652749e+00
1.102000271265657583e+00
1.102003348829217799e+00
1.102007139226661048e+00
1.102011617638461782e+00
1.102016759644335098e+00
1.102022541222221319e+00
1.102028938747149578e+00
1.102035928990000579e+00
1.102043489116155239e+00
1.102051596684046508e+00
1.102060229643607725e+00
1.102069366334622158e+00
1.102078985484986173e+00
1.102089066208871815e+00
1.102099588004807007e+00
1.102110530753668272e+00
1.102121874716591954e+00
1.102133600532800184e+00
1.102145689217359781e+00
1.102158122158852116e+00
1.102170881116982359e+00
1.102183948220110121e+00
1.102197305962721030e+00
1.102210937202819929e+00
1.102224825159274779e+00
1.102238953409091726e+00
1.102253305884630663e+00
1.102267866870768609e+00
1.102282621002005580e+00
1.102297553259519391e+00
1.102312648968169606e+00
1.102327893793452418e+00
1.102343273738409568e+00
1.102358775140494629e+00
1.102374384668393770e+00
1.102390089318806776e+00
1.102405876413190766e+00
1.102421733594465714e+00
1.102437648823684002e+00
1.102453610376666671e+00
1.102469606840609240e+00
1.102485627110657118e+00
1.102501660386449034e+00
1.102517696168640704e+00
1.102533724255395198e+00
1.102549734738855980e+00
1.102565718001594641e+00
1.102581664713039533e+00
1.102597565825882420e+00
1.102613412572474472e+00
1.102629196461196948e+00
1.102644909272825657e+00
1.102660543056875886e+00
1.102676090127940212e+00
1.102691543062012558e+00
1.102706894692805140e+00
1.102722138108056082e+00
1.102737266645833492e+00
1.102752273890830192e+00
1.102767153670657807e+00
1.102781900052138608e+00
1.102796507337591603e+00
1.102810970061124163e+00
1.102825282984921884e+00
1.102839441095537332e+00
1.102853439600190999e+00
1.102867273923065383e+00
1.102880939701616381e+00
1.102894432782880463e+00
1.102907749219797395e+00
1.102920885267537843e+00
1.102933837379842519e+00
1.102946602205371551e+00
1.102959176584064949e+00
1.102971557543517944e+00
1.102983742295366776e+00
1.102995728231694672e+00
1.103007512921444500e+00
1.103019094106858944e+00
1.103030469699929128e+00
1.103041637778866324e+00
