1.452889943024162189e+00
1.457061396052295121e+00
1.461075407651349245e+00
1.464940349306361078e+00
1.468663710743053130e+00
1.472252208835352461e+00
1.475711881051706253e+00
1.479048165954133687e+00
1.482265972807424115e+00
1.485369741990298920e+00
1.488363497606383534e+00
1.491250893454911131e+00
1.494035253327893331e+00
1.496719606442647788e+00
1.499306718689061402e+00
1.501799120264498022e+00
1.504199130180867039e+00
1.506508878055310863e+00
1.508730323534830831e+00
1.510865273654126817e+00
1.512915398383109178e+00
1.514882244584348392e+00
1.516767248570360271e+00
1.518571747424585006e+00
1.520296989228138829e+00
1.521944142315529991e+00
1.523514303666598568e+00
1.525008506528207741e+00
1.526427727347307250e+00
1.527772892087047696e+00
1.529044881988637528e+00
1.530244538834148571e+00
1.531372669758927607e+00
1.532430051656427761e+00
1.533417435213477065e+00
1.534335548609464972e+00
1.535185100909269407e+00
1.535966785176423377e+00
1.536681281329999926e+00
1.537329258766289453e+00
1.537911378763989978e+00
1.538428296689705821e+00
1.538880664018780209e+00
1.539269130185064283e+00
1.539594344271606241e+00
1.539856956553432354e+00
1.540057619902162722e+00
1.540196991061567822e+00
1.540275731802064785e+00
1.540294509961741776e+00
1.540254000380517185e+00
1.540154885733804546e+00
1.539997857271158566e+00
1.539783615465356803e+00
1.539512870576652093e+00
1.539186343136653035e+00
1.538804764356125565e+00
1.538368876460571411e+00
1.537879432957167003e+00
1.537337198836702834e+00
1.536742950713561262e+00
1.536097476907079429e+00
1.535401577466950052e+00
1.534656064145778931e+00
1.533861760321259871e+00
1.533019500870785645e+00
1.532130132000734113e+00
1.531194511033177497e+00
1.530213506152139358e+00
1.529187996111740278e+00
1.528118869908602351e+00
1.527007026420523106e+00
1.525853374013662167e+00
1.524658830120312780e+00
1.523424320789323438e+00
1.522150780211116716e+00
1.520839150219424063e+00
1.519490379771482047e+00
1.518105424408798143e+00
1.516685245700227780e+00
1.515230810669182304e+00
1.513743091206889879e+00
1.512223063473406182e+00
1.510671707287984722e+00
1.509090005510752119e+00
1.507478943417094319e+00
1.505839508066525667e+00
1.504172687667491237e+00
1.502479470939721562e+00
1.500760846475605259e+00
1.499017802101946462e+00
1.497251324243581427e+00
1.495462397290149514e+00
1.493652002967355008e+00
1.491821119713852895e+00
1.489970722065159459e+00
1.488101780045432587e+00
1.486215258568493791e+00
1.484312116848952812e+00
1.482393307824431572e+00
1.480459777589856474e+00
1.478512464844651708e+00
1.476552300353630498e+00
1.474580206422368756e+00
1.472597096387716631e+00
1.470603874124150945e+00
1.468601433566462555e+00
1.466590658249384616e+00
1.464572420864615143e+00
1.462547582835632909e+00
1.460516993910680572e+00
1.458481491774273664e+00
1.456441901677420825e+00
1.454399036086846397e+00
1.452353694353329283e+00
1.450306662399304169e+00
1.448258712425764649e+00
1.446210602638562603e+00
1.444163076993997485e+00
1.442116864963708833e+00
1.440072681318763426e+00
1.438031225932772550e+00
1.435993183603905043e+00
1.433959223895581836e+00
1.431930000995614627e+00
1.429906153593527351e+00
1.427888304775745354e+00
1.425877061938368273e+00
1.423873016717173368e+00
1.421876744934441383e+00
1.419888806562260797e+00
1.417909745701900981e+00
1.415940090578790445e+00
1.413980353552705793e+00
1.412031031142688908e+00
1.410092604066236044e+00
1.408165537292255687e+00
1.406250280107392170e+00
1.404347266195077770e+00
1.402456913726988219e+00
1.400579625466227496e+00
1.398715788881892186e+00
1.396865776274368143e+00
1.395029944910967989e+00
1.393208637171316822e+00
1.391402180702044911e+00
1.389610888580221859e+00
1.387835059485095224e+00
1.386074977877600478e+00
1.384330914187182682e+00
1.382603125005420708e+00
1.380891853285989734e+00
1.379197328550535451e+00
1.377519767099945058e+00
1.375859372230607169e+00
1.374216334455209410e+00
1.372590831727663385e+00
1.370983029671728026e+00
1.369393081812920077e+00
1.367821129813353354e+00
1.366267303709090664e+00
1.364731722149650439e+00
1.363214492639343467e+00
1.361715711780025595e+00
1.360235465515024833e+00
1.358773829373852937e+00
1.357330868717440131e+00
1.355906638983546575e+00
1.354501185932169616e+00
1.353114545890531151e+00
1.351746745997560062e+00
1.350397804447469374e+00
1.349067730732303572e+00
1.347756525883201384e+00
1.346464182710135571e+00
1.345190686039999362e+00
1.343936012952780867e+00
1.342700133015729547e+00
1.341483008515287345e+00
1.340284594686636188e+00
1.339104839940807201e+00
1.337943686089070106e+00
1.336801068564634321e+00
1.335676916641433287e+00
1.334571153649947828e+00
1.333483697189977280e+00
1.332414459340226509e+00
1.331363346864681052e+00
1.330330261415671345e+00
1.329315099733586303e+00
1.328317753843132554e+00
1.327338111246177510e+00
1.326376055111049057e+00
1.325431464458309394e+00
1.324504214342955732e+00
1.323594176033028313e+00
1.322701217184619527e+00
1.321825202013255041e+00
1.320965991461651390e+00
1.320123443363857119e+00
1.319297412605762387e+00
1.318487751281993026e+00
1.317694308849207685e+00
1.316916932275799201e+00
1.316155466188043022e+00
1.315409753012675820e+00
1.314679633115976465e+00
1.313964944939332247e+00
1.313265525131370293e+00
1.312581208676635525e+00
1.311911829020893094e+00
1.311257218193062402e+00
1.310617206923870626e+00
1.309991624761181139e+00
1.309380300182153567e+00
1.308783060702157774e+00
1.308199732980616981e+00
1.307630142923710936e+00
1.307074115784043977e+00
1.306531476257355218e+00
1.306002048576246022e+00
1.305485656601042210e+00
1.304982123907799219e+00
1.304491273873536361e+00
1.304012929758725958e+00
1.303546914787099720e+00
1.303093052222813908e+00
1.302651165445071202e+00
1.302221078020163958e+00
1.301802613771103179e+00
1.301395596844777236e+00
1.300999851776766247e+00
1.300615203553843191e+00
1.300241477674207280e+00
1.299878500205489118e+00
1.299526097840609573e+00
1.299184097951531225e+00
1.298852328640934584e+00
1.298530618791876812e+00
1.298218798115514661e+00
1.297916697196880520e+00
1.297624147538799066e+00
1.297340981604006460e+00
1.297067032855451219e+00
1.296802135794902666e+00
1.296546125999860966e+00
1.296298840158816246e+00
1.296060116104928328e+00
1.295829792848140150e+00
1.295607710605781282e+00
1.295393710831690859e+00
1.295187636243933849e+00
1.294989330851078035e+00
1.294798639977170263e+00
1.294615410285354651e+00
1.294439489800230714e+00
1.294270727928970466e+00
1.294108975481206292e+00
1.293954084687767070e+00
1.293805909218274985e+00
1.293664304197616355e+00
1.293529126221347747e+00
1.293400233370080255e+00
1.293277485222799283e+00
1.293160742869268853e+00
1.293049868921429590e+00
1.292944727523884119e+00
1.292845184363524247e+00
1.292751106678220463e+00
1.292662363264736047e+00
1.292578824485770328e+00
1.292500362276248760e+00
1.292426850148813644e+00
1.292358163198606968e+00
1.292294178107281644e+00
1.292234773146371474e+00
1.292179828179933931e+00
1.292129224666578535e+00
1.292082845660820212e+00
1.292040575813857117e+00
1.292002301373733397e+00
1.291967910184910640e+00
1.291937291687316636e+00
1.291910336914828594e+00
1.291886938493242543e+00
1.291866990637739798e+00
1.291850389149862499e+00
1.291837031414003967e+00
1.291826816393476296e+00
1.291819644626085895e+00
1.291815418219331768e+00
1.291814040845158829e+00
1.291815417734322624e+00
1.291819455670368599e+00
1.291826062983235657e+00
1.291835149542500005e+00
1.291846626750288829e+00
1.291860407533820254e+00
1.291876406337663097e+00
1.291894539115660434e+00
1.291914723322542535e+00
1.291936877905281333e+00
1.291960923294139363e+00
1.291986781393458239e+00
1.292014375572187346e+00
1.292043630654153619e+00
1.292074472908110172e+00
1.292106830037531129e+00
1.292140631170205056e+00
1.292175806847591257e+00
1.292212289013993987e+00
1.292250011005523724e+00
1.292288907538873488e+00
1.292328914699918396e+00
1.292369969932136931e+00
1.292412012024861001e+00
1.292454981101383016e+00
1.292498818606889976e+00
1.292543467296280779e+00
1.292588871221801439e+00
1.292634975720606594e+00
1.292681727402139380e+00
1.292729074135436251e+00
1.292776965036292358e+00
1.292825350454332778e+00
1.292874181959980495e+00
1.292923412331322686e+00
1.292972995540906167e+00
1.293022886742430266e+00
1.293073042257368632e+00
1.293123419561524878e+00
1.293173977271504738e+00
1.293224675131149359e+00
1.293275473997883562e+00
1.293326335829039664e+00
1.293377223668108034e+00
1.293428101630971661e+00
1.293478934892070553e+00
1.293529689670565475e+00
1.293580333216449496e+00
1.293630833796651336e+00
1.293681160681094955e+00
1.293731284128774917e+00
1.293781175373798220e+00
1.293830806611418804e+00
1.293880150984082933e+00
1.293929182567453706e+00
1.293977876356466661e+00
1.294026208251371157e+00
1.294074155043790197e+00
1.294121694402804001e+00
1.294168804861033140e+00
1.294215465800781617e+00
1.294261657440149760e+00
1.294307360819248132e+00
1.294352557786372815e+00
1.294397230984276392e+00
1.294441363836434045e+00
1.294484940533387585e+00
1.294527946019117692e+00
1.294570365977463444e+00
1.294612186818610233e+00
1.294653395665606777e+00
1.294693980340977157e+00
1.294733929353365287e+00
1.294773231884246423e+00
1.294811877774723508e+00
1.294849857512372582e+00
1.294887162218175014e+00
1.294923783633520564e+00
1.294959714107282167e+00
1.294994946582977091e+00
1.295029474586019580e+00
1.295063292211025230e+00
1.295096394109252147e+00
1.295128775476083183e+00
1.295160432038638287e+00
1.295191360043448148e+00
1.295221556244252836e+00
1.295251017889881506e+00
1.295279742712229121e+00
1.295307728914354639e+00
1.295334975158655810e+00
1.295361480555175859e+00
1.295387244649997216e+00
1.295412267413756036e+00
1.295436549230272849e+00
1.295460090885262261e+00
1.295482893555210735e+00
1.295504958796316775e+00
1.295526288533586534e+00
1.295546885050020025e+00
1.295566750975934767e+00
1.295585889278400016e+00
1.295604303250803557e+00
1.295621996502524853e+00
1.295638972948751633e+00
1.295655236800394627e+00
1.295670792554170836e+00
