1.430228006619232106e+00
1.434311032558818422e+00
1.438237372861411512e+00
1.442015539979555783e+00
1.445653153482343800e+00
1.449157050243750300e+00
1.452533378976463840e+00
1.455787681657485066e+00
1.458924963929039365e+00
1.461949756188112515e+00
1.464866166780109502e+00
1.467677928471202042e+00
1.470388439178208495e+00
1.473000797775096737e+00
1.475517835663923583e+00
1.477942144690325366e+00
1.480276101894070884e+00
1.482521891511349166e+00
1.484681524583384427e+00
1.486756856474455102e+00
1.488749602558965490e+00
1.490661352300592934e+00
1.492493581915757650e+00
1.494247665787416413e+00
1.495924886772975082e+00
1.497526445531137007e+00
1.499053468976289327e+00
1.500507017955095224e+00
1.501888094228181592e+00
1.503197646829220524e+00
1.504436577865209124e+00
1.505605747813702822e+00
1.506705980366392916e+00
1.507738066862394977e+00
1.508702770349758415e+00
1.509600829309175607e+00
1.510432961070134805e+00
1.511199864946263460e+00
1.511902225113885168e+00
1.512540713254891589e+00
1.513115990983126879e+00
1.513628712071203308e+00
1.514079524493035622e+00
1.514469072295743235e+00
1.514797997313327649e+00
1.515066940733106771e+00
1.515276544525075764e+00
1.515427452743141723e+00
1.515520312706580164e+00
1.515555776069093197e+00
1.515534499782414279e+00
1.515457146960623280e+00
1.515324387650911264e+00
1.515136899516082547e+00
1.514895368433642808e+00
1.514600489015924589e+00
1.514252965055538080e+00
1.513853509899870664e+00
1.513402846758449272e+00
1.512901708946473800e+00
1.512350840067766988e+00
1.511750994140242943e+00
1.511102935666667202e+00
1.510407439653645989e+00
1.509665291581327562e+00
1.508877287326389594e+00
1.508044233040835680e+00
1.507166944988803658e+00
1.506246249343833332e+00
1.505282981948650178e+00
1.504277988039743663e+00
1.503232121938738786e+00
1.502146246712697808e+00
1.501021233805260424e+00
1.499857962640688269e+00
1.498657320202656296e+00
1.497420200589680173e+00
1.496147504549075746e+00
1.494840138991238243e+00
1.493499016485997144e+00
1.492125054742807544e+00
1.490719176076541030e+00
1.489282306860438387e+00
1.487815376968012027e+00
1.486319319205338552e+00
1.484795068735493828e+00
1.483243562496522783e+00
1.481665738614493355e+00
1.480062535813120084e+00
1.478434892821300695e+00
1.476783747780037181e+00
1.475110037649962180e+00
1.473414697620851088e+00
1.471698660524335844e+00
1.469962856250981664e+00
1.468208211172901567e+00
1.466435647573039125e+00
1.464646083082106642e+00
1.462840430124246582e+00
1.461019595372295754e+00
1.459184479213627261e+00
1.457335975227364244e+00
1.455474969673768326e+00
1.453602340996570152e+00
1.451718959338919479e+00
1.449825686073579645e+00
1.447923373347966836e+00
1.446012863644592361e+00
1.444094989357347147e+00
1.442170572384077643e+00
1.440240423735865027e+00
1.438305343163303718e+00
1.436366118800090019e+00
1.434423526824138095e+00
1.432478331136433969e+00
1.430531283057764780e+00
1.428583121043443871e+00
1.426634570416052350e+00
1.424686343116265741e+00
1.422739137471714876e+00
1.420793637983822411e+00
1.418850515132536350e+00
1.416910425198846912e+00
1.414974010104861124e+00
1.413041897271313241e+00
1.411114699492251434e+00
1.409193014826640056e+00
1.407277426506651663e+00
1.405368502862257341e+00
1.403466797261913035e+00
1.401572848068846966e+00
1.399687178612741167e+00
1.397810297176288019e+00
1.395942696996311794e+00
1.394084856279009799e+00
1.392237238228877017e+00
1.390400291090909235e+00
1.388574448205603273e+00
1.386760128076327092e+00
1.384957734448587718e+00
1.383167656400725809e+00
1.381390268445576330e+00
1.379625930642622400e+00
1.377874988720163119e+00
1.376137774207015108e+00
1.374414604573285903e+00
1.372705783379746025e+00
1.371011600435338096e+00
1.369332331962316074e+00
1.367668240768617816e+00
1.366019576426981130e+00
1.364386575460338147e+00
1.362769461533096527e+00
1.361168445647827685e+00
1.359583726346962784e+00
1.358015489919060848e+00
1.356463910609281065e+00
1.354929150833594997e+00
1.353411361396433588e+00
1.351910681711319340e+00
1.350427240024161479e+00
1.348961153638854382e+00
1.347512529144810234e+00
1.346081462646128379e+00
1.344668039992062969e+00
1.343272337008479145e+00
1.341894419730006449e+00
1.340534344632587471e+00
1.339192158866208349e+00
1.337867900487438089e+00
1.336561598691641706e+00
1.335273274044571412e+00
1.334002938713100939e+00
1.332750596694910694e+00
1.331516244046923925e+00
1.330299869112258060e+00
1.329101452745576450e+00
1.327920968536598245e+00
1.326758383031650501e+00
1.325613655953093550e+00
1.324486740416483066e+00
1.323377583145332492e+00
1.322286124683346165e+00
1.321212299604034079e+00
1.320156036717579306e+00
1.319117259274864340e+00
1.318095885168581560e+00
1.317091827131344539e+00
1.316104992930710482e+00
1.315135285561079170e+00
1.314182603432372254e+00
1.313246840555497563e+00
1.312327886724479642e+00
1.311425627695301133e+00
1.310539945361367531e+00
1.309670717925563110e+00
1.308817820068939763e+00
1.307981123115961486e+00
1.307160495196308947e+00
1.306355801403275896e+00
1.305566903948695900e+00
1.304793662314461145e+00
1.304035933400597536e+00
1.303293571669934314e+00
1.302566429289374161e+00
1.301854356267774238e+00
1.301157200590475460e+00
1.300474808350493117e+00
1.299807023876397238e+00
1.299153689856914706e+00
1.298514647462292615e+00
1.297889736462434662e+00
1.297278795341874735e+00
1.296681661411600794e+00
1.296098170917793002e+00
1.295528159147494973e+00
1.294971460531268770e+00
1.294427908742884492e+00
1.293897336796090647e+00
1.293379577138483727e+00
1.292874461742566483e+00
1.292381822194007324e+00
1.291901489777163459e+00
1.291433295557920635e+00
1.290977070463892984e+00
1.290532645362022057e+00
1.290099851133640785e+00
1.289678518747057634e+00
1.289268479327677630e+00
1.288869564225749054e+00
1.288481605081765569e+00
1.288104433889564637e+00
1.287737883057202826e+00
1.287381785465624651e+00
1.287035974525182258e+00
1.286700284230079427e+00
1.286374549210745677e+00
1.286058604784230397e+00
1.285752287002623229e+00
1.285455432699587286e+00
1.285167879535025870e+00
1.284889466037931527e+00
1.284620031647466742e+00
1.284359416752335115e+00
1.284107462728437232e+00
1.283864011974934050e+00
1.283628907948673348e+00
1.283401995197090528e+00
1.283183119389581739e+00
1.282972127347413061e+00
1.282768867072187735e+00
1.282573187772929835e+00
1.282384939891798803e+00
1.282203975128504592e+00
1.282030146463420062e+00
1.281863308179452376e+00
1.281703315882719574e+00
1.281550026522018992e+00
1.281403298407183478e+00
1.281262991226307824e+00
1.281128966061899410e+00
1.281001085405988560e+00
1.280879213174211495e+00
1.280763214718916965e+00
1.280652956841306311e+00
1.280548307802649388e+00
1.280449137334600307e+00
1.280355316648627895e+00
1.280266718444618812e+00
1.280183216918630240e+00
1.280104687769873406e+00
1.280031008206904186e+00
1.279962056953076077e+00
1.279897714251257757e+00
1.279837861867858750e+00
1.279782383096158549e+00
1.279731162758996899e+00
1.279684087210799293e+00
1.279641044339000500e+00
1.279601923564875010e+00
1.279566615843755306e+00
1.279535013664730325e+00
1.279507011049768161e+00
1.279482503552323847e+00
1.279461388255447529e+00
1.279443563769379510e+00
1.279428930228690309e+00
1.279417389288946216e+00
1.279408844122932098e+00
1.279403199416448977e+00
1.279400361363695060e+00
1.279400237662238649e+00
1.279402737507602028e+00
1.279407771587481868e+00
1.279415252075597920e+00
1.279425092625187999e+00
1.279437208362178335e+00
1.279451515878020640e+00
1.279467933222206311e+00
1.279486379894495096e+00
1.279506776836839110e+00
1.279529046425031735e+00
1.279553112460070752e+00
1.279578900159288324e+00
1.279606336147196100e+00
1.279635348446112486e+00
1.279665866466542345e+00
1.279697820997346636e+00
1.279731144195677350e+00
1.279765769576722167e+00
1.279801632003247924e+00
1.279838667674945141e+00
1.279876814117590911e+00
1.279916010172051477e+00
1.279956195983100731e+00
1.279997312988080616e+00
1.280039303905420311e+00
1.280082112722992438e+00
1.280125684686344467e+00
1.280169966286785144e+00
1.280214905249361657e+00
1.280260450520687820e+00
1.280306552256692987e+00
1.280353161810235951e+00
1.280400231718634707e+00
1.280447715691084953e+00
1.280495568596000000e+00
1.280543746448261855e+00
1.280592206396393040e+00
1.280640906709648696e+00
1.280689806765046956e+00
1.280738867034338035e+00
1.280788049070897161e+00
1.280837315496589079e+00
1.280886629988557512e+00
1.280935957265988634e+00
1.280985263076827474e+00
1.281034514184454798e+00
1.281083678354343336e+00
1.281132724340674489e+00
1.281181621872948595e+00
1.281230341642556114e+00
1.281278855289360141e+00
1.281327135388238725e+00
1.281375155435658053e+00
1.281422889836199674e+00
1.281470313889136348e+00
1.281517403774971697e+00
1.281564136542014287e+00
1.281610490092963461e+00
1.281656443171493187e+00
1.281701975348876754e+00
1.281747067010625019e+00
1.281791699343149293e+00
1.281835854320465096e+00
1.281879514690912325e+00
1.281922663963929843e+00
1.281965286396857140e+00
1.282007366981782859e+00
1.282048891432444604e+00
1.282089846171167835e+00
1.282130218315858716e+00
1.282169995667065798e+00
1.282209166695073010e+00
1.282247720527079027e+00
1.282285646934421708e+00
1.282322936319877815e+00
1.282359579705022012e+00
1.282395568717667578e+00
1.282430895579378838e+00
1.282465553093042443e+00
1.282499534630540117e+00
1.282532834120485576e+00
1.282565446036053158e+00
1.282597365382885268e+00
1.282628587687089983e+00
1.282659108983327911e+00
1.282688925802983881e+00
1.282718035162444759e+00
1.282746434551459425e+00
1.282774121921600230e+00
1.282801095674831027e+00
1.282827354652153584e+00
1.282852898122386343e+00
1.282877725771025768e+00
1.282901837689216284e+00
1.282925234362835232e+00
1.282947916661678622e+00
1.282969885828758372e+00
1.282991143469717210e+00
1.283011691542342625e+00
1.283031532346217585e+00
1.283050668512457193e+00
1.283069102993585897e+00
1.283086839053519723e+00
1.283103880257677076e+00
1.283120230463191902e+00
1.283135893809268291e+00
1.283150874707641886e+00
